city,lat,lon,temp,humidity,cloudiness,windspeed,country,date
Khuldābād,20.05,75.1833,55.4,54,16,6.73,IN,1612657074
Albany,42.6001,-73.9662,28.0,41,5,4.88,US,1612656902
Soe,-9.8607,124.284,73.38,83,94,6.87,ID,1612657078
Atasū,48.6814,71.6433,20.8,95,88,25.14,KZ,1612657079
Lebu,-37.6167,-73.65,59.18,91,64,2.17,CL,1612657080
Bredasdorp,-34.5322,20.0403,69.8,68,63,5.75,ZA,1612656800
Hobart,-42.8794,147.3294,66.99,59,75,13.8,AU,1612656801
Asău,46.4333,26.4,27.0,74,100,3.67,RO,1612657083
Ahipara,-35.1667,173.1667,71.98,57,99,3.18,NZ,1612657084
Khatanga,71.9667,102.5,-35.07,78,0,8.34,RU,1612657086
Mataura,-46.1927,168.8643,77.25,50,0,2.44,NZ,1612657087
Bluff,-46.6,168.3333,61.34,68,2,6.4,NZ,1612657088
Dhārchula,29.85,80.5333,45.03,42,0,11.14,IN,1612657089
Arlit,18.7369,7.3853,65.79,22,30,7.14,NE,1612656949
Westport,41.1415,-73.3579,41.0,38,1,10.36,US,1612657091
Hong Kong,22.2855,114.1577,66.99,67,0,7.47,HK,1612657018
Punta Arenas,-53.15,-70.9167,53.6,62,0,18.41,CL,1612657093
Saskylakh,71.9167,114.0833,-39.57,78,83,7.36,RU,1612657094
Jasper,37.2001,-94.3502,28.99,80,90,20.71,US,1612656906
Bethel,41.3712,-73.414,41.0,38,1,4.61,US,1612656942
Dawei,14.0833,98.2,69.73,61,13,3.0,MM,1612657100
Thompson,55.7435,-97.8558,-27.4,68,75,13.8,CA,1612657101
Bengkulu,-3.8004,102.2655,76.84,74,100,4.21,ID,1612657102
Buin,-33.7333,-70.75,72.0,77,0,11.5,CL,1612657103
Busselton,-33.65,115.3333,59.0,98,100,3.0,AU,1612656900
Birao,10.2849,22.7882,61.86,29,15,8.14,CF,1612656866
Rikitea,-23.1203,-134.9692,78.67,69,100,9.84,PF,1612656896
Tiksi,71.6872,128.8694,-25.71,84,100,4.56,RU,1612657109
Hilo,19.7297,-155.09,78.8,47,40,9.22,US,1612657092
Padang,-0.9492,100.3543,71.6,88,20,2.3,ID,1612657111
Chinhoyi,-17.3667,30.2,65.32,96,99,3.58,ZW,1612657112
Tholos,40.9999,23.7823,53.01,90,2,1.54,GR,1612657114
Jamestown,42.097,-79.2353,17.6,53,1,6.91,US,1612656925
Avera,33.194,-82.5271,41.0,90,90,11.5,US,1612656833
Ilulissat,69.2167,-51.1,26.6,33,0,26.46,GL,1612657119
Shitkino,56.3703,98.3543,16.14,96,98,4.81,RU,1612657120
Cherskiy,68.75,161.3,-5.51,80,0,4.85,RU,1612657121
Upernavik,72.7868,-56.1549,18.88,76,90,3.6,GL,1612657122
Sitka,57.0531,-135.33,35.6,60,40,11.5,US,1612657124
Polewali,-3.4324,119.3435,80.24,76,71,1.68,ID,1612656833
Machinga,-15.1685,35.3,69.06,96,100,2.62,MW,1612657126
Geraldton,-28.7667,114.6,69.8,83,75,23.02,AU,1612657127
Port Elizabeth,-33.918,25.5701,69.8,78,0,19.57,ZA,1612657129
Castro,-24.7911,-50.0119,61.12,92,0,10.29,BR,1612656873
Itarema,-2.9248,-39.9167,78.8,82,14,10.83,BR,1612657131
Cape Town,-33.9258,18.4232,70.0,88,20,9.22,ZA,1612656888
Avarua,-21.2078,-159.775,86.0,70,69,11.5,CK,1612657133
Torbay,47.6666,-52.7314,45.0,100,90,18.41,CA,1612657134
Nísia Floresta,-6.0911,-35.2086,80.6,78,40,4.61,BR,1612657136
Arrondissement de Pithiviers,48.1667,2.25,45.0,93,90,13.8,FR,1612657137
Zabul Province,32.25,67.25,40.08,61,21,2.98,AF,1612657138
Atuona,-9.8,-139.0333,80.15,77,90,19.55,PF,1612657139
Ponta do Sol,32.6667,-17.1,54.0,68,18,1.01,PT,1612657140
Buala,-8.145,159.5921,81.1,78,95,8.55,SB,1612657141
Dikson,73.5069,80.5464,-28.52,86,89,9.53,RU,1612657142
East London,-33.0153,27.9116,74.75,91,10,10.83,ZA,1612657143
Khorramabad,33.4878,48.3558,40.69,84,100,2.04,IR,1612657146
Pangnirtung,66.1451,-65.7125,24.08,80,85,3.49,CA,1612657147
Omboué,-1.5746,9.2618,79.0,84,100,7.49,GA,1612657148
Kieta,-6.2167,155.6333,86.49,66,72,8.57,PG,1612657149
Ushuaia,-54.8,-68.3,51.8,76,40,18.41,AR,1612656868
New Norfolk,-42.7826,147.0587,66.99,53,63,3.0,AU,1612657151
Yellowknife,62.456,-114.3525,-36.4,67,1,2.3,CA,1612657155
Zyryanka,65.75,150.85,-18.11,84,44,8.68,RU,1612657156
Fukuechō,32.6881,128.8419,53.6,71,20,3.44,JP,1612657157
Kastamonu Province,41.5,33.6667,41.04,70,24,3.58,TR,1612657158
Santa Fe,-31.6333,-60.7,81.0,51,0,5.79,AR,1612657159
Tuktoyaktuk,69.4541,-133.0374,-16.6,76,90,21.85,CA,1612657163
Pacific Grove,36.6177,-121.9166,59.0,82,1,5.75,US,1612657117
Itoman,26.1247,127.6694,69.8,73,20,10.36,JP,1612657166
Klaksvík,62.2266,-6.589,35.6,60,20,19.57,FO,1612657167
Clocolan,-28.9137,27.5656,60.12,84,100,3.44,ZA,1612657168
Gezing,47.9178,13.1299,36.0,93,100,4.61,AT,1612657169
Manyana,-23.4,21.7167,66.74,90,6,7.72,BW,1612657171
Krasnotorka,48.682,37.5327,20.93,85,84,12.66,UA,1612657172
Stokmarknes,68.5646,14.9108,30.99,92,57,1.01,NO,1612657173
Naze,28.3667,129.4833,66.2,63,20,6.91,JP,1612657175
Jasidih,24.5167,86.65,54.07,80,0,3.94,IN,1612657177
Kloulklubed,7.0419,134.2556,80.6,89,90,23.02,PW,1612657179
Jijiang,29.2906,106.2542,51.8,87,100,4.47,CN,1612657180
Puerto Ayora,-0.7393,-90.3518,78.01,92,62,1.99,EC,1612656922
Ascension,30.2169,-90.9001,53.6,94,90,3.44,US,1612657183
Arraial do Cabo,-22.9661,-42.0278,75.58,83,100,5.23,BR,1612657185
Lüderitz,-26.6481,15.1594,69.22,61,0,21.54,NA,1612657186
Pevek,69.7008,170.3133,-5.93,88,31,5.46,RU,1612656926
Vaini,-21.2,-175.2,84.2,84,75,12.66,TO,1612657191
Marsá Maţrūḩ,31.3525,27.2453,51.8,87,0,6.91,EG,1612657193
La Ronge,55.1001,-105.2842,-20.2,69,1,6.91,CA,1612657194
Tulsa,36.1001,-95.9003,37.99,65,90,17.27,US,1612656922
Kapaa,22.0752,-159.319,71.6,53,75,5.75,US,1612656968
Grand Gaube,-20.0064,57.6608,75.99,85,9,1.01,MU,1612657197
Kruisfontein,-34.0033,24.7314,64.0,90,22,1.01,ZA,1612657198
Camaçari,-12.6975,-38.3242,82.4,78,40,16.11,BR,1612657199
Ust-Maya,60.4167,134.5333,-25.78,84,100,0.85,RU,1612657200
Saint Paul Harbor,57.79,-152.4072,37.4,60,1,9.22,US,1612657202
Sakakah,29.9697,40.2064,46.4,66,0,11.5,SA,1612657208
Nikolskoye,59.7035,30.7861,10.4,79,40,15.66,RU,1612657209
Calbuco,-41.768,-73.1273,66.2,59,0,8.05,CL,1612657210
Tommot,58.9564,126.2925,-21.95,81,99,0.78,RU,1612657211
Barrow,71.2906,-156.7887,-5.8,77,1,14.97,US,1612657213
Yeniseysk,58.4497,92.1703,26.35,98,100,5.95,RU,1612657214
Sørland,67.667,12.6934,35.22,80,50,21.36,NO,1612657216
Belyy Yar,53.6039,91.3903,5.0,85,53,2.24,RU,1612657217
Port Alfred,-33.5906,26.891,68.0,88,43,5.99,ZA,1612657218
Horki,54.2861,30.9842,-6.11,92,27,7.85,BY,1612657219
Camaná,-16.6228,-72.7111,72.16,77,100,4.99,PE,1612657220
Longyearbyen,78.2186,15.6401,17.6,79,75,11.5,SJ,1612657221
Puerto del Rosario,28.5004,-13.8627,59.0,77,20,6.91,ES,1612657149
Rørvik,64.8621,11.2373,23.65,92,48,9.1,NO,1612657223
Ancud,-41.8697,-73.8203,66.2,52,0,6.91,CL,1612657224
Souillac,-20.5167,57.5167,77.0,83,40,4.61,MU,1612657226
Whitianga,-36.8333,175.7,67.57,60,91,9.28,NZ,1612657227
Port Hardy,50.6996,-127.4199,44.6,81,75,12.66,CA,1612657179
Vila Franca do Campo,37.7167,-25.4333,59.0,94,75,21.85,PT,1612657229
Yangambi,0.8102,24.4336,69.98,66,41,1.61,CD,1612657230
Esperance,-33.8667,121.9,60.8,94,90,13.8,AU,1612657167
Seymchan,62.8833,152.4333,-15.92,84,99,2.66,RU,1612657232
Butaritari,3.0707,172.7902,81.21,80,95,20.18,KI,1612657233
West Wendover,40.7391,-114.0733,55.4,18,1,13.8,US,1612657235
Lal'sk,60.7415,47.5862,-8.7,87,100,10.47,RU,1612657236
Campos Belos,-13.0367,-46.7717,66.58,97,100,2.95,BR,1612657237
High Level,58.5169,-117.136,-18.4,63,1,2.3,CA,1612657238
Tasiilaq,65.6145,-37.6368,33.8,55,75,28.77,GL,1612657239
Ürümqi,43.801,87.6005,8.6,92,90,2.24,CN,1612656974
Havøysund,70.9963,24.6622,27.43,94,100,22.26,NO,1612657241
Kundiawa,-6.0167,144.9667,77.54,52,97,0.87,PG,1612657244
Usinsk,65.9939,57.5281,-32.96,81,99,14.2,RU,1612657245
Varberg,57.1056,12.2508,16.0,79,0,11.5,SE,1612657249
Teknāf,20.8624,92.3058,60.6,63,0,6.06,BD,1612657250
Mersing,2.4312,103.8405,78.8,83,20,10.36,MY,1612657251
Ostër,50.9506,30.8823,10.99,100,49,5.61,UA,1612657252
Bentiu,9.2333,29.8333,64.15,27,20,7.05,SS,1612657253
Nabire,-3.3667,135.4833,81.5,70,99,1.36,ID,1612657254
Ekibastuz,51.6667,75.3667,36.09,96,100,23.98,KZ,1612657257
George Town,5.4112,100.3354,80.01,83,20,2.3,MY,1612657081
Port Moresby,-9.4431,147.1797,82.4,78,40,11.5,PG,1612657260
Dalbandin,28.8947,64.4101,49.6,34,0,1.83,PK,1612657261
San Patricio,28.017,-97.5169,71.6,43,1,10.36,US,1612657262
Puerto Madero,14.7208,-92.4215,82.4,65,1,5.75,MX,1612657263
Simpang,-1.2667,104.0833,76.66,88,67,3.67,ID,1612657264
Praia da Vitória,38.7333,-27.0667,60.8,82,20,13.69,PT,1612657128
Nanortalik,60.1432,-45.2371,23.5,83,24,9.86,GL,1612657267
Norman Wells,65.282,-126.8329,-25.6,68,75,2.3,CA,1612657268
Dalvik,65.9702,-18.5286,32.0,74,75,3.44,IS,1612657269
Fortuna,40.5982,-124.1573,52.0,87,1,12.66,US,1612657270
Muroto-misakicho,33.2833,134.15,48.2,71,40,6.91,JP,1612657271
Tombouctou,20.0,-3.0,70.32,24,100,18.25,ML,1612657272
La Asuncion,11.0333,-63.8628,76.55,79,100,14.67,VE,1612657273
Pathanāmthitta,9.2667,76.7833,69.26,75,0,2.53,IN,1612657274
Havelock,34.8791,-76.9013,45.0,57,90,6.91,US,1612656976
Markala,13.7021,-6.0659,79.86,16,94,14.34,ML,1612657277
Mar del Plata,-38.0023,-57.5575,64.0,77,20,10.36,AR,1612657278
Margate,51.3813,1.3862,37.99,85,100,5.99,GB,1612657266
Mayumba,-3.432,10.6554,79.57,82,100,1.1,GA,1612657280
Mossamedes,-15.1961,12.1522,70.84,78,20,6.55,AO,1612657281
Charters Towers,-20.1,146.2667,83.75,63,100,5.5,AU,1612657282
Seminole,28.7086,-81.2081,69.01,88,75,5.75,US,1612657283
Tabuk,17.4189,121.4443,73.62,84,43,0.54,PH,1612657284
Kumul,42.8,93.45,30.2,78,22,5.28,CN,1612657166
Rio Grande,-32.035,-52.0986,68.0,95,0,7.2,BR,1612657198
Mahébourg,-20.4081,57.7,77.0,83,40,4.61,MU,1612656990
Bukama,-9.2,25.85,70.7,95,100,1.61,CD,1612657289
Rzhev,56.2624,34.3282,-6.12,91,50,8.3,RU,1612657290
Lázaro Cárdenas,17.9583,-102.2,79.32,64,0,4.94,MX,1612657291
Morondava,-20.2833,44.2833,79.9,82,87,7.58,MG,1612657292
Novikovo,51.1537,37.8879,3.38,90,93,10.54,RU,1612657293
Minoh,34.8269,135.4706,46.0,81,0,1.14,JP,1612657294
Comodoro Rivadavia,-45.8667,-67.5,57.2,72,40,9.22,AR,1612657111
Zhangjiakou,40.81,114.8794,16.39,82,3,6.31,CN,1612657298
Mollendo,-17.0231,-72.0147,71.2,80,98,4.76,PE,1612657299
Sortavala,61.7053,30.6918,12.69,95,100,10.6,RU,1612657300
Lima,-12.0432,-77.0282,75.0,78,75,11.5,PE,1612657301
Faanui,-16.4833,-151.75,82.44,68,1,10.47,PF,1612657146
Calama,-22.4667,-68.9333,66.2,39,0,24.16,CL,1612657303
Hithadhoo,-0.6,73.0833,81.75,74,22,13.33,MV,1612657243
Lieksa,63.3167,30.0167,10.65,95,90,8.66,FI,1612657306
Novobiryusinskiy,56.9578,97.7076,15.55,97,99,5.19,RU,1612657309
Bangassou,4.7413,22.8184,65.73,29,34,3.76,CF,1612657311
Bowen,-20.0167,148.2333,86.0,70,40,9.22,AU,1612657312
Chicama,-7.8447,-79.1469,69.8,88,75,11.5,PE,1612657313
Venice,27.0998,-82.4543,73.0,100,75,12.66,US,1612657314
Kathu,7.9178,98.3332,84.0,88,0,2.3,TH,1612657315
Ribeira Grande,38.5167,-28.7,61.05,87,98,22.12,PT,1612657316
Jalu,29.0331,21.5482,59.0,41,0,8.77,LY,1612657311
Novobirilyussy,56.9514,90.6661,20.97,96,99,7.94,RU,1612657318
Alberton,46.8168,-64.0654,30.2,69,51,34.52,CA,1612657319
Harper,4.375,-7.7169,79.21,87,36,8.99,LR,1612657321
Kalabo,-14.97,22.6814,69.62,83,88,3.49,ZM,1612657322
Carnarvon,-24.8667,113.6333,82.4,100,75,14.97,AU,1612657302
Yumen,40.2833,97.2,26.58,67,98,1.9,CN,1612657324
Kirakira,-10.4544,161.9205,79.5,86,100,8.37,SB,1612657325
Golden,39.7555,-105.2211,42.01,28,40,17.27,US,1612657201
Qaqortoq,60.7167,-46.0333,20.37,81,27,6.2,GL,1612657149
Lorengau,-2.0226,147.2712,85.32,68,98,5.12,PG,1612657328
Province of Mantua,45.1667,10.7833,48.99,96,100,5.01,IT,1612657330
Middelburg,-25.7751,29.4648,61.25,88,98,5.08,ZA,1612657331
Sioux Lookout,50.1001,-91.917,-13.0,64,90,11.5,CA,1612657332
Chapais,49.7834,-74.8492,14.0,85,90,10.36,CA,1612657062
Killybegs,54.6333,-8.45,39.99,86,24,7.0,IE,1612657335
Saint George,37.1041,-113.5841,61.0,14,1,10.36,US,1612657337
Bogorodskoye,56.55,37.8833,-2.43,92,100,10.87,RU,1612657338
East Hampton,37.0374,-76.3316,48.2,46,75,8.05,US,1612657339
Pimentel,-6.8367,-79.9342,73.4,73,75,18.41,PE,1612657341
Madera,37.1666,-119.8343,68.0,42,1,3.44,US,1612657342
Tautira,-17.7333,-149.15,86.0,54,20,12.66,PF,1612657285
Brigg,53.552,-0.4921,39.2,87,90,23.02,GB,1612657344
Hermanus,-34.4187,19.2345,68.0,90,80,2.91,ZA,1612657199
Abhā,18.2164,42.5053,46.4,81,20,2.21,SA,1612657346
Qaanaaq,77.484,-69.3632,10.09,86,99,7.31,GL,1612657347
Luga,58.7372,29.8453,2.21,93,0,6.89,RU,1612657348
Baruun-Urt,46.6806,113.2792,-10.44,83,0,8.52,MN,1612657351
San Nicolas,18.1725,120.5953,75.2,83,75,2.3,PH,1612657352
Cidreira,-30.1811,-50.2056,69.48,75,28,3.8,BR,1612657353
Galle,6.0367,80.217,75.85,87,100,5.32,LK,1612657354
Kyra,49.5776,111.9753,-7.83,83,79,3.53,RU,1612657355
Mujiayingzi,42.1167,118.7833,2.93,87,12,5.39,CN,1612657356
Xushan,30.1764,121.2457,48.99,100,0,2.24,CN,1612657357
Salò,45.6086,10.531,50.0,87,75,4.61,IT,1612657358
Pahrump,36.2083,-115.9839,63.0,19,0,2.37,US,1612657311
Banda Aceh,5.5577,95.3222,78.71,78,61,7.78,ID,1612657361
King City,36.2127,-121.126,72.0,36,0,13.0,US,1612657362
Port Macquarie,-31.4333,152.9167,84.0,61,27,1.01,AU,1612657183
Boa Vista,2.8197,-60.6733,84.2,61,20,5.75,BR,1612657296
Bahía Honda,22.9036,-83.1592,76.5,84,14,9.53,CU,1612657366
Payao,10.1833,122.95,80.49,75,94,10.47,PH,1612657367
Indramayu,-6.3264,108.32,78.57,86,100,11.41,ID,1612657368
Puerto Ayacucho,5.6639,-67.6236,81.28,71,97,3.74,VE,1612657369
North Bend,43.4065,-124.2243,50.0,81,90,4.61,US,1612657370
Bulawayo,-20.15,28.5833,65.23,92,100,8.1,ZW,1612657371
Lucea,18.451,-78.1736,82.4,57,20,5.75,JM,1612657372
Vrangel',42.7297,133.0839,14.79,83,0,11.36,RU,1612657373
Farafangana,-22.8167,47.8333,79.59,82,100,10.78,MG,1612657375
Dumai,1.6833,101.45,73.51,87,98,2.21,ID,1612657149
Bubaque,11.2833,-15.8333,79.77,54,75,19.46,GW,1612657377
Passos,-20.7189,-46.6097,68.14,89,20,2.71,BR,1612657378
Guiyang,26.5833,106.7167,50.0,93,90,8.95,CN,1612657379
Valley City,46.9233,-98.0032,-13.0,70,75,10.36,US,1612657380
Rundu,-17.9333,19.7667,69.87,88,99,1.48,NA,1612657381
Half Moon Bay,37.4636,-122.4286,62.6,76,1,16.11,US,1612657382
Mount Gambier,-37.8333,140.7667,60.8,77,90,14.97,AU,1612657384
Yulara,-25.2406,130.9889,82.4,26,1,21.85,AU,1612657183
Namatanai,-3.6667,152.4333,85.37,63,75,3.94,PG,1612657254
High Rock,26.6208,-78.2833,75.2,88,75,12.66,BS,1612657387
Burnie,-41.0667,145.9167,61.0,85,21,5.01,AU,1612657388
Itupiranga,-5.1347,-49.3267,77.94,73,46,2.1,BR,1612657389
Bathsheba,13.2167,-59.5167,77.0,73,20,11.5,BB,1612657390
Tonneins,44.3921,0.3124,46.99,93,90,12.66,FR,1612657391
Muriwai Beach,-36.8167,174.45,75.99,58,86,3.0,NZ,1612657392
Vanavara,60.34,102.2797,9.25,95,100,8.77,RU,1612657394
São Filipe,14.8961,-24.4956,69.66,74,38,14.81,CV,1612657396
Kroonstad,-27.6504,27.2349,62.01,91,100,3.58,ZA,1612657397
Vila do Maio,15.1333,-23.2167,68.0,64,75,20.71,CV,1612657398
Kampong Cham,11.9934,105.4635,74.98,77,71,2.51,KH,1612657399
Henties Bay,-22.116,14.2845,64.0,90,32,1.99,NA,1612657400
Codrington,-38.2667,141.9667,59.52,68,99,12.03,AU,1612657401
Härnösand,62.6323,17.9379,15.8,86,37,11.5,SE,1612657402
Havre-St-Pierre,50.2334,-63.5986,30.2,93,90,16.11,CA,1612657403
Wau,7.7029,27.9953,64.45,26,48,6.49,SS,1612657405
Merauke,-8.4667,140.3333,83.66,75,100,14.23,ID,1612657406
Ciudad Guayana,8.3533,-62.6528,77.0,84,100,5.01,VE,1612657407
Ushtobe,45.2514,77.9838,37.49,77,100,14.18,KZ,1612657408
Saint-Pierre,-21.3393,55.4781,78.8,73,75,6.91,RE,1612657409
Kaitangata,-46.2817,169.8464,64.99,73,3,5.99,NZ,1612657411
Kambove,-10.8764,26.5969,62.11,99,100,3.06,CD,1612657412
Puri,19.8,85.85,64.4,77,0,5.75,IN,1612657413
Bambanglipuro,-7.95,110.2833,77.67,86,94,6.06,ID,1612657415
Lillooet,50.6856,-121.942,42.01,100,90,3.56,CA,1612657416
Makushino,55.2103,67.2442,25.97,97,100,23.58,RU,1612657271
Concepción del Oro,24.6333,-101.4167,63.93,23,0,13.69,MX,1612657418
Okhotsk,59.3833,143.3,-1.03,85,31,18.54,RU,1612657419
Hamilton,39.1834,-84.5333,32.0,51,1,3.44,US,1612657257
Tual,-5.6667,132.75,83.89,78,100,20.0,ID,1612657421
Bac Lieu,9.285,105.7244,76.41,81,63,6.33,VN,1612657253
Aksarka,66.5606,67.7975,-32.91,83,100,21.0,RU,1612657423
Plettenberg Bay,-34.0527,23.3716,66.7,80,11,7.02,ZA,1612657425
Isangel,-19.55,169.2667,86.0,79,20,5.75,VU,1612657161
Alyangula,-13.8483,136.4192,82.4,78,90,14.97,AU,1612657427
Umluj,25.0213,37.2685,69.15,47,0,15.73,SA,1612657428
São João da Barra,-21.6403,-41.0511,71.13,96,100,15.66,BR,1612657429
Görele,41.0308,39.0031,55.4,44,0,6.91,TR,1612657430
Akdepe,42.0551,59.3788,37.4,87,0,4.61,TM,1612657431
Provideniya,64.3833,-173.3,2.03,89,22,3.8,RU,1612657432
Holme,56.1138,10.1725,25.0,74,75,14.97,DK,1612657433
Iquique,-20.2208,-70.1431,73.4,49,0,12.66,CL,1612657435
Calvinia,-31.4707,19.776,61.09,77,0,4.18,ZA,1612657436
Raudeberg,61.9875,5.1352,24.01,73,0,8.05,NO,1612657437
Tezu,27.9167,96.1667,58.05,35,47,3.74,IN,1612657439
Volchikha,52.0333,80.3833,29.35,92,70,20.67,RU,1612657440
Shimoda,34.6667,138.95,55.4,62,20,6.91,JP,1612657287
Alofi,-19.0595,-169.9187,86.0,74,100,11.5,NU,1612657443
Zabaykal'sk,49.6333,117.3167,-12.57,87,10,7.09,RU,1612657445
Takoradze,4.8845,-1.7554,79.63,88,1,8.88,GH,1612657447
Nouakchott,18.0858,-15.9785,64.4,36,84,12.66,MR,1612657448
Chipata,-13.6333,32.65,64.36,95,59,3.53,ZM,1612657449
Solenzo,12.1833,-4.0833,82.04,16,90,3.15,BF,1612657450
Luanda,-8.8368,13.2343,78.8,83,40,9.22,AO,1612657261
Gaziantep,37.0594,37.3825,35.6,87,0,1.14,TR,1612657452
Demba,-5.51,22.2667,67.78,99,97,1.28,CD,1612657454
Katghora,22.5,82.55,48.54,60,0,5.79,IN,1612657455
Fuyang,32.9,115.8167,47.44,68,33,3.2,CN,1612657456
Zhangye,38.9342,100.4517,25.68,69,0,2.68,CN,1612657457
Lata,40.1629,-8.3327,51.01,82,27,1.99,PT,1612657458
San Andrés,12.5847,-81.7006,80.6,78,20,11.5,CO,1612657205
Carauari,-4.8828,-66.8958,76.59,93,87,1.14,BR,1612657460
Vostok,46.4856,135.8833,-8.5,90,100,2.44,RU,1612657461
Dingle,10.9995,122.6711,78.8,85,81,11.59,PH,1612657462
May Pen,17.9645,-77.2451,80.6,74,20,20.71,JM,1612657464
Krasnosel'kup,65.7,82.4667,-10.01,89,99,13.47,RU,1612657465
Katsuura,35.1333,140.3,53.6,46,0,1.14,JP,1612657466
Nelson Bay,-32.7167,152.15,80.01,69,13,8.05,AU,1612657467
Dengzhou,37.8086,120.7508,32.68,85,0,20.0,CN,1612657381
Belomorsk,64.5232,34.7668,14.18,97,100,4.29,RU,1612657469
Olafsvik,64.8945,-23.7142,34.21,82,61,15.26,IS,1612657470
Petropavlovsk-Kamchatskiy,53.0452,158.6483,26.6,63,40,20.13,RU,1612657471
Fethiye,36.6217,29.1164,46.4,100,0,4.61,TR,1612657472
Conceição da Barra,-18.5933,-39.7322,79.11,83,100,7.16,BR,1612657473
Bongandanga,1.5,21.05,72.77,65,10,1.57,CD,1612657475
Cabo San Lucas,22.8909,-109.9124,75.0,53,20,8.05,MX,1612657340
Vitim,59.4511,112.5578,1.17,91,100,5.48,RU,1612657479
Karratha,-20.7377,116.8463,80.42,58,13,8.93,AU,1612657480
Turukhansk,65.8167,87.9833,-3.12,91,100,13.47,RU,1612657270
Los Llanos de Aridane,28.6585,-17.9182,60.8,67,0,11.5,ES,1612657483
Baghmara,23.795,86.2085,58.19,75,29,5.17,IN,1612657485
Mpika,-11.8343,31.4529,62.91,97,100,4.25,ZM,1612657486
Aklavik,68.2191,-135.0107,-7.6,71,90,11.5,CA,1612657487
Nanma,36.1817,118.1583,37.0,65,19,1.01,CN,1612657488
Ceres,37.5949,-120.9577,66.0,32,1,0.38,US,1612657489
Paamiut,61.994,-49.6678,24.76,80,0,5.08,GL,1612657490
Grand Falls,47.0461,-67.7418,21.2,63,20,14.97,CA,1612657491
Lengshuitan,26.4111,111.5956,57.25,73,35,0.27,CN,1612657492
Coquimbo,-29.9533,-71.3436,60.8,82,0,10.36,CL,1612657194
Flinders,-34.5833,150.8552,80.01,59,1,4.0,AU,1612657495
Baykit,61.67,96.37,17.71,94,100,5.79,RU,1612657496
Sarkand,45.41,79.9186,40.5,69,100,10.29,KZ,1612657497
Nome,64.5011,-165.4064,17.6,79,90,4.61,US,1612657498
Hambantota,6.1241,81.1185,71.6,100,0,3.44,LK,1612657499
Necochea,-38.5473,-58.7368,62.01,80,0,4.0,AR,1612657500
Yamada,39.4667,141.95,39.85,84,89,1.23,JP,1612657501
Gizo Government Station,-8.103,156.8419,82.2,74,100,1.88,SB,1612657504
San Vicente,-26.6167,-54.1333,63.25,80,0,4.63,AR,1612657505
Ruangwa,-10.0667,38.9333,71.56,97,100,3.06,TZ,1612657506
Keti Bandar,24.1447,67.4497,64.72,44,0,8.68,PK,1612657507
Aitape,-3.1374,142.3475,81.43,79,85,8.14,PG,1612657508
San Juan de los Morros,9.9115,-67.3538,72.93,69,100,5.48,VE,1612657509
Beloha,-25.1667,45.05,74.3,95,7,5.08,MG,1612657512
Erzin,36.9559,36.2,55.0,91,4,4.0,TR,1612657513
Paita,-5.0892,-81.1144,80.6,65,0,9.22,PE,1612657514
Bogale,16.2833,95.4,68.9,94,0,4.03,MM,1612657515
Warri,5.5167,5.75,80.04,87,3,3.24,NG,1612657516
Avilés,43.5547,-5.9248,46.0,81,0,10.36,ES,1612657517
Sainte-Maxime,43.3,6.6333,57.2,72,92,3.44,FR,1612657518
Eyrarbakki,63.863,-21.1481,35.6,48,0,14.97,IS,1612657519
Touros,-5.1989,-35.4608,78.8,83,20,4.61,BR,1612657521
Sharan,54.8167,54.0,-4.04,90,100,16.26,RU,1612657522
Marabu,4.4148,114.0089,78.8,94,20,2.3,MY,1612657334
Ariquemes,-9.9133,-63.0408,74.66,97,86,2.86,BR,1612657524
Izumo,35.3667,132.7667,51.8,71,75,13.8,JP,1612657525
Worland,44.0169,-107.9554,17.6,67,90,3.44,US,1612657526
Rawson,-43.3002,-65.1023,58.82,68,76,23.44,AR,1612657527
Mabaruma,8.2,-59.7833,72.86,97,100,4.16,GY,1612657528
Fort Nelson,58.8053,-122.7002,-14.8,64,1,2.3,CA,1612657495
Massakory,12.996,15.7293,64.13,25,38,10.07,TD,1612657531
Malbork,54.0359,19.0266,9.0,100,3,4.32,PL,1612657532
Balyqshy,47.0667,51.8667,15.8,79,0,6.71,KZ,1612657533
Maceió,-9.6658,-35.7353,77.0,88,0,9.22,BR,1612657419
Kudahuvadhoo,2.6708,72.8944,81.14,77,27,14.12,MV,1612657254
Khani,41.9563,42.9566,46.4,87,75,9.22,GE,1612657536
Lamar,33.6668,-95.5836,42.01,93,90,12.66,US,1612657537
Banff,51.1762,-115.5698,-2.2,71,100,9.22,CA,1612657538
Tiptūr,13.2586,76.4783,60.42,62,47,5.68,IN,1612657514
Clyde River,70.4692,-68.5914,-9.4,77,75,4.03,CA,1612657337
Uglovskoye,51.3557,80.1942,29.08,97,81,28.95,RU,1612657270
Mincivan,39.0294,46.7185,47.41,52,91,5.03,AZ,1612657544
Yangi Marg`ilon,40.4272,71.7189,39.2,60,100,2.3,UZ,1612657464
Zelenoborskiy,66.845,32.3622,19.0,94,59,12.19,RU,1612657546
Río Gallegos,-51.6226,-69.2181,59.0,41,0,4.61,AR,1612657286
Saint-Philippe,-21.3585,55.7679,78.8,73,75,6.91,RE,1612657301
Chokurdakh,70.6333,147.9167,-22.81,86,38,3.33,RU,1612657551
Mweka,-4.85,21.5667,68.88,93,98,0.81,CD,1612657553
Waldoboro,44.0954,-69.3756,33.8,47,1,14.97,US,1612657554
Moerai,-22.4333,-151.3333,81.75,69,2,10.42,PF,1612657555
Bambous Virieux,-20.3428,57.7575,77.0,83,40,4.61,MU,1612657556
Coahuayana Viejo,18.7333,-103.6833,77.0,69,1,4.18,MX,1612657557
Edd,13.9297,41.6925,72.46,74,16,8.01,ER,1612657558
Moranbah,-22.0016,148.0466,87.06,54,100,8.99,AU,1612657559
Ostrovnoy,68.0531,39.5131,8.42,91,100,9.86,RU,1612657561
Morant Bay,17.8815,-76.4093,80.6,74,20,20.71,JM,1612657562
Cockburn Town,21.4612,-71.1419,77.0,78,40,17.27,TC,1612657494
Leningradskiy,69.3833,178.4167,-9.99,74,0,6.04,RU,1612657564
San Martín,-33.081,-68.4681,87.8,29,20,6.91,AR,1612657565
Nizhnevartovsk,60.9344,76.5531,33.8,93,90,13.42,RU,1612657566
Susanville,40.4163,-120.653,53.6,43,1,3.44,US,1612657567
Kavieng,-2.5744,150.7967,84.74,65,48,1.3,PG,1612657451
Owando,-0.4819,15.8999,73.2,91,80,2.62,CG,1612657570
Bodden Town,19.2833,-81.25,81.0,78,20,11.5,KY,1612657571
Lokosovo,61.1333,74.8167,33.28,94,100,14.92,RU,1612657573
Joshīmath,30.5667,79.5667,40.93,45,0,13.31,IN,1612657574
Banjarmasin,-3.3244,114.591,78.8,94,40,3.44,ID,1612657575
Kimbe,-5.5502,150.1429,86.59,69,84,0.92,PG,1612657576
Airai,-8.9266,125.4092,68.13,88,82,3.51,TL,1612657577
Anshun,26.25,105.9333,49.3,93,77,5.39,CN,1612657578
Kuching,1.55,110.3333,75.2,100,75,0.63,MY,1612657579
Onega,63.9061,38.1404,-0.99,92,91,6.4,RU,1612657582
Bougouni,11.417,-7.479,81.97,16,95,5.68,ML,1612657583
Minot,48.2325,-101.2963,-9.4,59,1,11.5,US,1612657369
Ambon City,-3.6954,128.1814,84.2,79,40,4.61,ID,1612657585
Lucapa,-8.4192,20.7447,67.78,95,100,2.98,AO,1612657586
Mahibadhoo,3.7833,72.9667,80.94,75,39,11.21,MV,1612657587
Laguna,38.421,-121.4238,64.99,45,1,5.75,US,1612657538
Mercedes,-34.6515,-59.4307,75.0,70,0,1.99,AR,1612657589
Kahului,20.8947,-156.47,78.8,47,20,10.36,US,1612657590
Balabac,7.9868,117.0645,81.16,80,100,15.19,PH,1612657592
Piteå,65.3172,21.4794,12.2,92,40,11.5,SE,1612657326
Kasongo,-4.45,26.6667,69.06,99,100,1.68,CD,1612657595
Broome,42.2506,-75.833,24.8,33,1,3.44,US,1612657596
Chui,-33.6971,-53.4616,67.6,86,0,10.94,UY,1612657492
Lavrentiya,65.5833,-171.0,-8.01,79,0,1.34,RU,1612657599
Kununurra,-15.7667,128.7333,82.4,89,40,2.3,AU,1612657600
Samarai,-10.6167,150.6667,85.84,68,84,5.12,PG,1612657602
Quatre Cocos,-20.2078,57.7625,77.0,83,40,4.61,MU,1612657603
Maniitsoq,65.4167,-52.9,28.99,80,0,20.74,GL,1612657604
Semey,50.4111,80.2275,26.6,86,75,33.55,KZ,1612657611
Taitung City,22.7583,121.1444,68.0,56,20,5.75,TW,1612657612
Tres Arroyos,-38.3739,-60.2798,63.3,72,0,15.7,AR,1612657613
Kaeo,-35.1,173.7833,69.01,80,99,8.01,NZ,1612657614
Mlonggo,-6.5333,110.7,77.0,94,40,4.61,ID,1612657617
Tuatapere,-46.1333,167.6833,70.92,47,2,3.2,NZ,1612657618
Uusikaupunki,60.8004,21.4084,5.0,85,0,6.91,FI,1612657619
Esim,4.8699,-2.2405,79.86,87,7,9.44,GH,1612657620
Lagoa,39.05,-27.9833,60.04,90,100,25.48,PT,1612657621
Priekule,56.4468,21.5897,-4.0,84,3,2.3,LV,1612657623
Lakes Entrance,-37.8811,147.981,71.01,63,35,5.99,AU,1612657427
Nicolet,46.2168,-72.6158,23.0,63,23,17.27,CA,1612657625
Biak,-0.9131,122.8766,78.85,74,100,2.42,ID,1612657515
Waingapu,-9.6567,120.2641,81.32,74,48,6.96,ID,1612657627
Pangkalanbuun,-2.6833,111.6167,76.89,93,96,3.58,ID,1612657628
Nouadhibou,20.931,-17.0347,60.8,72,0,17.27,MR,1612657629
Leh,34.1667,77.5833,5.14,50,0,1.63,IN,1612657630
Meulaboh,4.1363,96.1285,75.81,91,83,5.99,ID,1612657544
Alexandria,31.2156,29.9553,53.6,87,0,3.44,EG,1612657633
Vlădeni,47.7167,26.5167,24.01,100,90,5.75,RO,1612657634
Lábrea,-7.2586,-64.7981,75.78,94,100,0.98,BR,1612657635
Vila Velha,-20.3297,-40.2925,82.0,88,75,4.61,BR,1612657581
Highland,34.1283,-117.2086,78.8,12,1,3.44,US,1612657637
Molodizhne,48.1773,32.6601,19.4,79,75,8.95,UA,1612657638
Beira,-19.8436,34.8389,82.4,83,40,4.61,MZ,1612657639
Caconda,-13.7333,15.0667,63.45,65,86,3.58,AO,1612657640
Annau,37.8876,58.516,48.2,93,90,4.61,TM,1612657641
Tulagi,-9.0996,160.1476,81.09,82,100,17.76,SB,1612657642
Sisimiut,66.9395,-53.6735,21.47,79,0,22.01,GL,1612657586
Maués,-3.3836,-57.7186,76.1,94,81,2.77,BR,1612657645
Luba,3.4568,8.5547,78.8,83,20,6.91,GQ,1612657646
Vestmannaeyjar,63.4427,-20.2734,39.34,72,32,28.9,IS,1612657648
Zheleznodorozhnyy,55.7503,38.0042,-0.4,71,0,15.66,RU,1612657649
Vredendal,-31.6683,18.5012,64.27,90,0,9.42,ZA,1612657650
Carbonia,39.1672,8.5222,64.4,72,20,10.36,IT,1612657651
Port Lincoln,-34.7333,135.8667,62.33,67,88,11.16,AU,1612657652
Dongzhen,22.3797,110.9389,64.26,72,0,1.28,CN,1612657653
Yining,29.0361,114.5636,52.14,86,4,1.07,CN,1612657655
Ruteng,-8.6136,120.4721,70.02,86,94,1.99,ID,1612657656
Jumla,29.2747,82.1838,26.31,70,0,7.45,NP,1612657657
Pisco,-13.7,-76.2167,73.4,78,75,9.22,PE,1612657658
Oulu,65.0124,25.4682,12.2,85,0,10.36,FI,1612657659
Ust-Tsilma,65.441,52.1498,-29.94,82,94,9.78,RU,1612657660
San Quintín,30.4833,-115.95,63.64,63,0,11.23,MX,1612657661
Kuytun,54.3419,101.5036,8.26,92,99,5.08,RU,1612657662
Batemans Bay,-35.7167,150.1833,73.99,71,6,4.0,AU,1612657663
Walvis Bay,-22.9575,14.5053,64.0,88,3,5.75,NA,1612657664
Juàzeirinho,-6.8167,-38.05,81.43,58,40,11.83,BR,1612657666
Oistins,13.0667,-59.5333,77.0,73,20,11.5,BB,1612657667
Pilar,-9.5972,-35.9567,77.0,88,0,9.22,BR,1612657668
Saint-Augustin,51.226,-58.6502,34.16,95,100,17.94,CA,1612657669
Okha,53.5739,142.9478,1.45,94,99,6.22,RU,1612657670
Talnakh,69.4865,88.3972,-29.15,73,0,2.24,RU,1612657671
Vao,-22.6667,167.4833,77.58,81,0,4.52,NC,1612657672
Alta Floresta,-9.8756,-56.0861,71.71,97,95,5.21,BR,1612657673
Saint-Leu,-21.15,55.2833,77.0,61,51,0.2,RE,1612657674
Guerrero Negro,27.9769,-114.0611,69.76,37,2,10.98,MX,1612657676
Beringovskiy,63.05,179.3167,-6.3,89,65,10.94,RU,1612657677
Sangar,63.9242,127.4739,-38.02,78,62,6.53,RU,1612657678
Kushmurun,52.4503,64.6311,9.57,90,97,22.5,KZ,1612657679
Niamey,13.5137,2.1098,77.0,16,53,4.61,NE,1612657680
Matara,5.9485,80.5353,73.98,89,99,4.88,LK,1612657681
Umm Hājar,13.2954,19.6966,63.77,25,24,9.55,TD,1612657682
Cayenne,4.9333,-52.3333,77.0,100,75,2.3,GF,1612657683
Poltavka,54.3663,71.7632,33.51,98,100,19.33,RU,1612657684
Horasan,40.0458,42.1728,12.29,88,0,0.74,TR,1612657686
Saldanha,-33.0117,17.9442,64.4,82,13,3.44,ZA,1612657687
Salinópolis,-0.6136,-47.3561,79.0,88,58,9.78,BR,1612657688
Prestea,5.4327,-2.1428,76.35,95,66,4.29,GH,1612657689
Khorixas,-20.3667,14.9667,72.77,46,86,5.84,NA,1612657690
Grand Forks,47.9417,-97.4337,-9.4,64,1,12.66,US,1612657398
Sistranda,63.7256,8.834,21.2,79,40,9.22,NO,1612657692
Haysville,37.5645,-97.3523,21.99,63,20,13.8,US,1612657693
Talcahuano,-36.7167,-73.1167,59.0,94,90,5.75,CL,1612657515
Beyneu,45.3167,55.2,30.02,83,89,6.06,KZ,1612657696
Nuuk,64.1835,-51.7216,32.0,43,0,20.71,GL,1612657697
Zheshart,62.0731,49.5733,-12.39,86,100,10.51,RU,1612657698
Sovetskiy,61.3614,63.5842,-9.15,91,100,13.06,RU,1612657699
Narsaq,60.9167,-46.05,20.32,78,36,2.59,GL,1612657546
Inhambane,-23.865,35.3833,76.93,88,83,7.07,MZ,1612657604
Richards Bay,-28.783,32.0377,72.91,87,83,9.06,ZA,1612657702
Misratah,32.3754,15.0925,67.64,34,73,12.33,LY,1612657703
Salalah,17.0151,54.0924,73.4,68,75,5.75,OM,1612657704
Svetlaya,46.5389,138.3297,5.43,85,69,8.1,RU,1612657706
Rivadavia,-33.1905,-68.4608,87.8,29,20,6.91,AR,1612657629
Tofield,53.3668,-112.6686,-13.0,69,95,2.3,CA,1612657708
Isla Mujeres,21.2311,-86.731,82.0,83,1,9.22,MX,1612657709
Coyhaique,-45.5752,-72.0662,71.6,35,0,18.41,CL,1612657710
Vadsø,70.0744,29.7487,24.8,86,75,21.85,NO,1612657711
Moroto,2.5345,34.6666,69.13,53,25,2.89,UG,1612657713
Bonthe,7.5264,-12.505,78.87,80,65,6.69,SL,1612657714
Zhezkazgan,47.8043,67.7144,16.81,95,69,16.53,KZ,1612657715
Evensk,61.95,159.2333,17.76,87,97,23.33,RU,1612657716
Haines Junction,60.7522,-137.5108,-14.8,70,95,1.14,CA,1612657717
Jiuquan,39.7432,98.5174,26.31,70,52,2.17,CN,1612657718
Malartic,48.1335,-78.1328,12.2,73,75,10.36,CA,1612657719
Atar,20.5169,-13.0499,59.72,36,46,12.73,MR,1612657721
Khasan,42.4308,130.6434,14.13,87,6,11.12,RU,1612657722
Sampit,-2.5333,112.95,76.46,95,100,1.63,ID,1612657723
Severo-Kuril'sk,50.6789,156.125,21.87,94,99,23.51,RU,1612657724
Slonim,53.0867,25.3219,-4.05,92,2,2.89,BY,1612657725
Muscat,23.6139,58.5922,62.6,72,0,2.3,OM,1612657726
Constitución,-35.3333,-72.4167,58.95,86,23,4.27,CL,1612657550
Tarakan,3.3,117.6333,78.8,94,75,5.75,ID,1612657729
Manggar,-2.8833,108.2667,80.15,82,92,12.28,ID,1612657731
Solnechnyy,50.7214,136.6319,-2.18,89,100,5.03,RU,1612657732
Östersund,63.1792,14.6357,10.4,92,75,6.91,SE,1612657613
Eyl,7.9803,49.8164,74.07,82,12,10.54,SO,1612657734
Noumea,-22.2763,166.4572,86.0,66,75,8.05,NC,1612657494
Markova,48.6758,24.4138,24.19,97,100,6.24,UA,1612657736
Abirāmam,9.4667,78.45,69.8,78,10,4.61,IN,1612657738
Tigil',57.8,158.6667,18.5,92,100,28.48,RU,1612657739
Sakaiminato,35.55,133.2333,51.8,93,75,3.44,JP,1612657523
Fairbanks,64.8378,-147.7164,-5.01,77,90,0.76,US,1612657727
Assiut,27.181,31.1837,53.6,82,0,6.91,EG,1612657743
Sarankhola,22.3082,89.7897,59.65,59,3,7.54,BD,1612657744
Alice Springs,-23.7,133.8833,84.99,29,40,16.11,AU,1612657647
Neryungri,56.6709,124.6491,-21.57,85,100,1.97,RU,1612657746
Port Blair,11.6667,92.75,77.65,77,9,7.92,IN,1612657748
Pagudpud,18.5616,120.7868,75.2,83,75,2.3,PH,1612657749
Ribe,55.3305,8.7697,23.0,80,20,16.11,DK,1612657750
Iqaluit,63.7506,-68.5145,26.6,74,90,13.8,CA,1612657569
Broken Hill,-31.95,141.4333,68.0,60,40,18.41,AU,1612657753
Le Port,-20.9373,55.2919,77.0,83,75,6.91,RE,1612657754
Emerald,-23.5333,148.1667,93.2,49,95,8.05,AU,1612657494
Tura,25.5198,90.2201,56.68,65,100,2.89,IN,1612657756
Buraidah,26.326,43.975,50.0,100,75,5.75,SA,1612657503
Zhigansk,66.7697,123.3711,-38.54,80,97,12.88,RU,1612657600
Puerto Carreño,6.189,-67.4859,86.63,48,93,14.52,CO,1612657704
Ilo,-17.6394,-71.3375,70.68,80,99,2.64,PE,1612657762
Kupang,-10.1667,123.5833,82.4,94,20,10.36,ID,1612657765
Panguna,-6.3164,155.4848,83.71,62,69,2.62,PG,1612657558
Parfen'yevo,58.484,43.4088,-5.98,89,100,10.58,RU,1612657767
Rūdbār,30.15,62.6,53.69,35,0,3.6,AF,1612657768
Sinnamary,5.3833,-52.95,77.65,87,100,13.82,GF,1612657769
Linköping,58.4109,15.6216,14.0,85,90,3.44,SE,1612657770
Madison,34.7334,-86.5667,43.0,75,90,6.91,US,1612657772
Bahir Dar,11.5936,37.3908,57.06,36,11,3.13,ET,1612657773
Zunyi,27.6867,106.9072,50.11,87,99,2.19,CN,1612657775
Lompoc,34.6391,-120.4579,64.0,67,1,9.22,US,1612657776
Lykhivka,48.6874,33.9228,19.4,87,98,10.29,UA,1612657777
Te Anau,-45.4167,167.7167,73.13,43,4,3.36,NZ,1612657778
Korla,41.7597,86.1469,24.98,86,0,2.24,CN,1612657581
Pata,17.7152,121.5018,73.47,84,19,1.74,PH,1612657780
Porto-Novo,6.4965,2.6036,84.2,84,40,14.97,BJ,1612657781
Kayerkan,69.3497,87.7602,-28.64,76,0,4.72,RU,1612657783
Riyadh,24.6877,46.7219,55.4,71,0,5.75,SA,1612657502
Mattru,7.6244,-11.8332,76.28,78,84,1.52,SL,1612657786
Kovdor,67.5662,30.4758,16.02,96,98,11.34,RU,1612657787
Kampong Chhnang,12.1667,104.55,75.13,76,51,1.21,KH,1612657788
Kilakarai,9.2333,78.7833,72.37,84,13,13.6,IN,1612657789
Shellbrook,53.2168,-106.4011,-16.6,58,20,5.75,CA,1612657790
Lālmohan,22.3384,90.7419,65.05,62,0,14.58,BD,1612657791
Esqueda,30.7167,-109.5833,64.27,25,0,1.68,MX,1612657792
Gawler,-34.6,138.7333,64.99,72,69,3.0,AU,1612657794
Łazy Bledowskie,50.35,19.4167,24.01,87,99,8.01,PL,1612657795
Aksu,41.1231,80.2644,27.39,79,51,3.91,CN,1612657606
Kavaratti,10.5669,72.642,81.16,62,12,10.6,IN,1612657797
Yaring,6.8662,101.3689,73.4,88,20,4.61,TH,1612657798
Cham,47.1821,8.4636,42.01,100,69,2.3,CH,1612657799
Safi,32.2994,-9.2372,55.81,71,49,7.0,MA,1612657740
Burgersdorp,-30.9977,26.3286,63.88,79,1,3.96,ZA,1612657804
Takanabe,32.1333,131.5,55.4,62,20,16.11,JP,1612657805
