city,lat,lon,temp,humidity,cloudiness,windspeed,Country,Date
Khuldābād,20.05,75.1833,71.6,43,0,11.23,IN,1612623630
Albany,42.6001,-73.9662,32.0,66,68,1.99,US,1612623633
Soe,-9.8607,124.284,66.56,98,87,3.4,ID,1612623635
Atasū,48.6814,71.6433,31.87,93,100,21.9,KZ,1612623689
Lebu,-37.6167,-73.65,62.19,79,98,5.88,CL,1612623691
Bredasdorp,-34.5322,20.0403,80.6,50,0,14.97,ZA,1612623693
Hobart,-42.8794,147.3294,57.99,88,75,5.75,AU,1612623562
Asău,46.4333,26.4,30.99,75,100,1.97,RO,1612623695
Ahipara,-35.1667,173.1667,59.31,86,90,1.81,NZ,1612623696
Khatanga,71.9667,102.5,-36.76,78,0,5.28,RU,1612623773
Mataura,-46.1927,168.8643,49.48,94,3,0.98,NZ,1612623774
Bluff,-46.6,168.3333,54.7,85,6,1.74,NZ,1612623775
Dhārchula,29.85,80.5333,45.3,48,0,9.19,IN,1612623777
Arlit,18.7369,7.3853,88.34,10,100,10.18,NE,1612623778
Westport,41.1415,-73.3579,39.0,60,1,10.36,US,1612623780
Hong Kong,22.2855,114.1577,68.0,70,0,5.37,HK,1612623604
Punta Arenas,-53.15,-70.9167,51.8,50,40,18.41,CL,1612623782
Saskylakh,71.9167,114.0833,-39.17,79,61,4.43,RU,1612623784
Jasper,37.2001,-94.3502,36.0,69,75,9.22,US,1612623785
Bethel,41.3712,-73.414,36.0,44,1,8.05,US,1612623788
Dawei,14.0833,98.2,72.01,72,0,3.04,MM,1612623790
Thompson,55.7435,-97.8558,-32.8,61,75,10.36,CA,1612623604
Bengkulu,-3.8004,102.2655,77.85,84,71,5.37,ID,1612623793
Buin,-33.7333,-70.75,71.01,82,90,3.44,CL,1612623794
Busselton,-33.65,115.3333,60.01,92,100,1.01,AU,1612623795
Birao,10.2849,22.7882,86.77,13,69,11.18,CF,1612623797
Rikitea,-23.1203,-134.9692,77.41,74,100,13.38,PF,1612623799
Tiksi,71.6872,128.8694,-25.17,86,100,7.29,RU,1612623800
Hilo,19.7297,-155.09,61.0,67,1,6.91,US,1612623801
Padang,-0.9492,100.3543,77.0,83,20,1.14,ID,1612623802
Chinhoyi,-17.3667,30.2,77.9,75,90,5.3,ZW,1612623803
Tholos,40.9999,23.7823,60.01,64,0,1.01,GR,1612623805
Jamestown,42.097,-79.2353,18.0,67,90,21.85,US,1612623624
Avera,33.194,-82.5271,46.4,49,90,6.91,US,1612623655
Ilulissat,69.2167,-51.1,17.6,35,40,20.71,GL,1612623811
Shitkino,56.3703,98.3543,14.38,95,100,3.8,RU,1612623812
Cherskiy,68.75,161.3,-10.16,81,0,7.76,RU,1612623813
Upernavik,72.7868,-56.1549,19.63,80,100,6.26,GL,1612623815
Sitka,57.0531,-135.33,35.6,93,90,3.44,US,1612623816
Polewali,-3.4324,119.3435,78.48,81,100,1.52,ID,1612623817
Machinga,-15.1685,35.3,80.02,80,55,1.01,MW,1612623818
Geraldton,-28.7667,114.6,69.8,88,90,27.63,AU,1612623819
Port Elizabeth,-33.918,25.5701,80.6,69,20,10.36,ZA,1612623822
Castro,-24.7911,-50.0119,75.34,52,0,1.77,BR,1612623815
Itarema,-2.9248,-39.9167,88.11,55,54,15.86,BR,1612623824
Cape Town,-33.9258,18.4232,78.8,61,0,19.57,ZA,1612623825
Avarua,-21.2078,-159.775,77.0,88,20,5.75,CK,1612623826
Torbay,47.6666,-52.7314,37.0,86,90,18.41,CA,1612623828
Nísia Floresta,-6.0911,-35.2086,87.8,51,40,14.97,BR,1612623829
Arrondissement de Pithiviers,48.1667,2.25,46.99,93,90,9.22,FR,1612623830
Zabul Province,32.25,67.25,44.56,53,5,3.0,AF,1612623831
Atuona,-9.8,-139.0333,80.29,75,50,22.59,PF,1612623830
Ponta do Sol,32.6667,-17.1,62.6,51,40,13.8,PT,1612623837
Buala,-8.145,159.5921,80.22,81,96,11.39,SB,1612623838
Dikson,73.5069,80.5464,-29.49,86,21,10.2,RU,1612623839
East London,-33.0153,27.9116,78.8,83,75,11.5,ZA,1612623840
Khorramabad,33.4878,48.3558,47.21,73,100,7.09,IR,1612623843
Pangnirtung,66.1451,-65.7125,24.96,82,100,2.24,CA,1612623844
Omboué,-1.5746,9.2618,83.05,80,100,9.33,GA,1612623845
Kieta,-6.2167,155.6333,80.76,79,86,8.5,PG,1612623846
Ushuaia,-54.8,-68.3,51.8,50,40,19.57,AR,1612623847
New Norfolk,-42.7826,147.0587,57.99,76,2,3.09,AU,1612623821
Yellowknife,62.456,-114.3525,-42.0,66,1,6.91,CA,1612623852
Zyryanka,65.75,150.85,-22.95,82,0,8.95,RU,1612623853
Fukuechō,32.6881,128.8419,55.72,65,0,9.95,JP,1612623683
Kastamonu Province,41.5,33.6667,48.07,57,0,4.88,TR,1612623855
Santa Fe,-31.6333,-60.7,87.01,37,0,4.0,AR,1612623734
Tuktoyaktuk,69.4541,-133.0374,-20.2,76,90,12.66,CA,1612623860
Pacific Grove,36.6177,-121.9166,42.01,87,1,5.75,US,1612623861
Itoman,26.1247,127.6694,68.0,88,40,5.75,JP,1612623862
Klaksvík,62.2266,-6.589,35.6,64,40,19.57,FO,1612623864
Clocolan,-28.9137,27.5656,63.39,86,98,7.4,ZA,1612623865
Gezing,47.9178,13.1299,48.2,71,0,4.61,AT,1612623866
Manyana,-23.4,21.7167,79.92,58,13,7.58,BW,1612623869
Krasnotorka,48.682,37.5327,26.19,82,82,9.17,UA,1612623870
Stokmarknes,68.5646,14.9108,28.99,86,85,17.29,NO,1612623852
Naze,28.3667,129.4833,61.39,85,98,8.19,JP,1612623872
Jasidih,24.5167,86.65,62.1,62,69,3.91,IN,1612623875
Kloulklubed,7.0419,134.2556,78.8,94,75,6.91,PW,1612623819
Jijiang,29.2906,106.2542,55.0,71,89,8.95,CN,1612623878
Puerto Ayora,-0.7393,-90.3518,82.4,74,40,17.27,EC,1612623879
Ascension,30.2169,-90.9001,50.0,100,90,4.61,US,1612623882
Arraial do Cabo,-22.9661,-42.0278,75.2,73,75,4.61,BR,1612623884
Lüderitz,-26.6481,15.1594,78.4,43,0,31.29,NA,1612623885
Pevek,69.7008,170.3133,-2.63,86,100,2.46,RU,1612623886
Vaini,-21.2,-175.2,77.0,100,75,4.61,TO,1612623887
Marsá Maţrūḩ,31.3525,27.2453,64.4,72,0,12.66,EG,1612623889
La Ronge,55.1001,-105.2842,-32.8,68,0,5.75,CA,1612623890
Tulsa,36.1001,-95.9003,48.2,43,90,8.05,US,1612623891
Kapaa,22.0752,-159.319,61.0,82,11,6.91,US,1612623829
Grand Gaube,-20.0064,57.6608,81.0,76,56,3.0,MU,1612623893
Kruisfontein,-34.0033,24.7314,79.0,69,0,5.99,ZA,1612623674
Camaçari,-12.6975,-38.3242,87.8,66,40,18.41,BR,1612623896
Ust-Maya,60.4167,134.5333,-26.1,85,100,1.7,RU,1612623900
Saint Paul Harbor,57.79,-152.4072,23.0,74,1,4.61,US,1612623901
Sakakah,29.9697,40.2064,59.0,55,75,11.5,SA,1612623902
Nikolskoye,59.7035,30.7861,12.99,79,90,15.66,RU,1612623817
Calbuco,-41.768,-73.1273,68.0,68,0,9.22,CL,1612623905
Tommot,58.9564,126.2925,-18.71,84,100,1.36,RU,1612623906
Barrow,71.2906,-156.7887,-2.2,71,90,10.36,US,1612623850
Yeniseysk,58.4497,92.1703,15.98,97,100,5.57,RU,1612623909
Sørland,67.667,12.6934,30.2,80,40,13.8,NO,1612623910
Belyy Yar,53.6039,91.3903,14.0,85,100,2.24,RU,1612623911
Port Alfred,-33.5906,26.891,75.99,89,13,3.0,ZA,1612623817
Horki,54.2861,30.9842,0.68,93,100,8.95,BY,1612623914
Camaná,-16.6228,-72.7111,74.93,67,92,8.7,PE,1612623915
Longyearbyen,78.2186,15.6401,23.0,74,75,8.05,SJ,1612623749
Puerto del Rosario,28.5004,-13.8627,66.2,48,20,19.57,ES,1612623917
Rørvik,64.8621,11.2373,24.53,96,100,8.32,NO,1612623788
Ancud,-41.8697,-73.8203,72.0,53,0,10.36,CL,1612623920
Souillac,-20.5167,57.5167,82.4,74,20,10.36,MU,1612623834
Whitianga,-36.8333,175.7,64.99,80,100,1.01,NZ,1612623922
Port Hardy,50.6996,-127.4199,44.6,100,90,5.75,CA,1612623644
Vila Franca do Campo,37.7167,-25.4333,60.8,82,40,20.71,PT,1612623796
Yangambi,0.8102,24.4336,92.37,32,3,2.64,CD,1612623925
Esperance,-33.8667,121.9,60.8,82,40,12.66,AU,1612623851
Seymchan,62.8833,152.4333,-20.69,85,92,1.34,RU,1612623928
Butaritari,3.0707,172.7902,80.89,81,88,21.79,KI,1612623929
West Wendover,40.7391,-114.0733,21.2,79,1,3.44,US,1612623930
Lal'sk,60.7415,47.5862,-4.41,90,100,11.25,RU,1612623931
Campos Belos,-13.0367,-46.7717,69.58,94,100,9.66,BR,1612623933
High Level,58.5169,-117.136,-40.0,67,20,3.31,CA,1612623934
Tasiilaq,65.6145,-37.6368,32.0,93,90,32.21,GL,1612623789
Ürümqi,43.801,87.6005,8.6,92,90,4.47,CN,1612623672
Havøysund,70.9963,24.6622,26.6,59,40,16.11,NO,1612623875
Kundiawa,-6.0167,144.9667,63.75,80,100,2.71,PG,1612623940
Usinsk,65.9939,57.5281,-27.09,83,4,14.83,RU,1612623941
Varberg,57.1056,12.2508,21.99,78,0,8.99,SE,1612623942
Teknāf,20.8624,92.3058,65.89,65,0,7.81,BD,1612623943
Mersing,2.4312,103.8405,78.8,83,100,9.22,MY,1612623945
Ostër,50.9506,30.8823,26.01,100,100,9.22,UA,1612623946
Bentiu,9.2333,29.8333,91.53,11,100,6.73,SS,1612623947
Nabire,-3.3667,135.4833,76.75,83,100,3.58,ID,1612623948
Ekibastuz,51.6667,75.3667,27.97,95,5,13.29,KZ,1612623950
George Town,5.4112,100.3354,86.0,66,20,3.44,MY,1612623808
Port Moresby,-9.4431,147.1797,77.0,94,40,9.22,PG,1612623954
Dalbandin,28.8947,64.4101,59.2,25,0,4.72,PK,1612623955
San Patricio,28.017,-97.5169,60.8,88,90,8.05,US,1612623956
Puerto Madero,14.7208,-92.4215,78.8,73,1,4.61,MX,1612623958
Simpang,-1.2667,104.0833,76.71,88,85,3.89,ID,1612623959
Praia da Vitória,38.7333,-27.0667,64.4,72,75,11.81,PT,1612623962
Nanortalik,60.1432,-45.2371,23.77,77,0,2.93,GL,1612623964
Norman Wells,65.282,-126.8329,-38.2,67,40,4.61,CA,1612623965
Dalvik,65.9702,-18.5286,33.8,64,75,5.75,IS,1612623966
Fortuna,40.5982,-124.1573,45.0,100,90,3.8,US,1612623967
Muroto-misakicho,33.2833,134.15,54.3,72,0,7.61,JP,1612623968
Tombouctou,20.0,-3.0,86.99,13,95,14.18,ML,1612623970
La Asuncion,11.0333,-63.8628,79.23,74,62,15.95,VE,1612623971
Pathanāmthitta,9.2667,76.7833,75.18,84,21,1.57,IN,1612623972
Havelock,34.8791,-76.9013,48.2,61,75,8.05,US,1612623973
Markala,13.7021,-6.0659,99.81,9,46,4.54,ML,1612623974
Mar del Plata,-38.0023,-57.5575,72.0,68,75,13.8,AR,1612623975
Margate,51.3813,1.3862,45.0,90,100,3.0,GB,1612623966
Mayumba,-3.432,10.6554,82.26,75,68,7.56,GA,1612623978
Mossamedes,-15.1961,12.1522,76.5,67,24,13.02,AO,1612623979
Charters Towers,-20.1,146.2667,75.85,84,97,8.68,AU,1612623980
Seminole,28.7086,-81.2081,66.99,72,90,4.61,US,1612623981
Tabuk,17.4189,121.4443,70.57,89,26,1.9,PH,1612623876
Kumul,42.8,93.45,33.03,76,100,4.09,CN,1612623714
Rio Grande,-32.035,-52.0986,77.0,65,40,10.36,BR,1612623985
Mahébourg,-20.4081,57.7,82.4,74,20,10.36,MU,1612623986
Bukama,-9.2,25.85,81.37,86,64,2.73,CD,1612623987
Rzhev,56.2624,34.3282,3.02,93,100,8.57,RU,1612623989
Lázaro Cárdenas,17.9583,-102.2,76.14,70,37,4.88,MX,1612623990
Morondava,-20.2833,44.2833,84.92,72,93,7.78,MG,1612623991
Novikovo,51.1537,37.8879,13.73,92,100,12.77,RU,1612623992
Minoh,34.8269,135.4706,46.0,74,40,1.34,JP,1612623993
Comodoro Rivadavia,-45.8667,-67.5,60.8,67,75,14.97,AR,1612623996
Zhangjiakou,40.81,114.8794,24.57,86,3,9.86,CN,1612623997
Mollendo,-17.0231,-72.0147,73.44,72,99,7.43,PE,1612623998
Sortavala,61.7053,30.6918,7.43,93,34,9.69,RU,1612623999
Lima,-12.0432,-77.0282,75.0,83,0,8.05,PE,1612623978
Faanui,-16.4833,-151.75,81.23,70,0,10.54,PF,1612624001
Calama,-22.4667,-68.9333,73.4,25,0,6.91,CL,1612624003
Hithadhoo,-0.6,73.0833,81.99,76,100,14.41,MV,1612624004
Lieksa,63.3167,30.0167,9.36,95,47,8.08,FI,1612624005
Novobiryusinskiy,56.9578,97.7076,13.59,96,100,5.41,RU,1612624008
Bangassou,4.7413,22.8184,97.92,11,80,5.14,CF,1612624009
Bowen,-20.0167,148.2333,77.0,88,99,7.09,AU,1612624008
Chicama,-7.8447,-79.1469,68.0,94,90,8.05,PE,1612624012
Venice,27.0998,-82.4543,72.0,100,20,9.22,US,1612623990
Kathu,7.9178,98.3332,78.8,89,20,1.14,TH,1612624014
Ribeira Grande,38.5167,-28.7,60.8,88,40,19.57,PT,1612624016
Jalu,29.0331,21.5482,75.92,21,77,3.24,LY,1612624017
Novobirilyussy,56.9514,90.6661,19.38,97,99,7.78,RU,1612624018
Alberton,46.8168,-64.0654,37.4,100,97,12.66,CA,1612624019
Harper,4.375,-7.7169,84.34,72,35,9.28,LR,1612623932
Kalabo,-14.97,22.6814,85.26,52,60,3.49,ZM,1612624021
Carnarvon,-24.8667,113.6333,80.6,100,75,12.66,AU,1612624024
Yumen,40.2833,97.2,28.98,73,57,4.59,CN,1612624026
Kirakira,-10.4544,161.9205,79.75,81,95,5.26,SB,1612624027
Golden,39.7555,-105.2211,34.0,47,40,4.61,US,1612624028
Qaqortoq,60.7167,-46.0333,32.0,29,1,16.11,GL,1612624030
Lorengau,-2.0226,147.2712,81.79,79,51,6.22,PG,1612624031
Province of Mantua,45.1667,10.7833,52.0,89,100,3.0,IT,1612623837
Middelburg,-25.7751,29.4648,66.27,85,100,7.58,ZA,1612623790
Sioux Lookout,50.1001,-91.917,-14.8,70,90,17.27,CA,1612624034
Chapais,49.7834,-74.8492,19.4,73,90,12.66,CA,1612624035
Killybegs,54.6333,-8.45,42.8,81,90,6.91,IE,1612624038
Saint George,37.1041,-113.5841,35.6,55,1,4.61,US,1612624040
Bogorodskoye,56.55,37.8833,-1.32,92,100,8.93,RU,1612624041
East Hampton,37.0374,-76.3316,48.2,46,1,4.61,US,1612624042
Pimentel,-6.8367,-79.9342,73.4,78,75,5.75,PE,1612624017
Madera,37.1666,-119.8343,43.0,88,0,2.19,US,1612624045
Tautira,-17.7333,-149.15,78.8,69,75,5.75,PF,1612624046
Brigg,53.552,-0.4921,41.0,100,75,20.71,GB,1612624047
Hermanus,-34.4187,19.2345,73.99,73,0,5.99,ZA,1612624048
Abhā,18.2164,42.5053,59.0,71,40,11.5,SA,1612624038
Qaanaaq,77.484,-69.3632,8.47,88,100,7.81,GL,1612623894
Luga,58.7372,29.8453,7.99,94,100,7.56,RU,1612624026
Baruun-Urt,46.6806,113.2792,-7.49,83,0,5.75,MN,1612623979
San Nicolas,18.1725,120.5953,75.2,88,20,1.14,PH,1612624055
Cidreira,-30.1811,-50.2056,74.39,63,63,11.3,BR,1612624057
Galle,6.0367,80.217,78.84,79,100,2.86,LK,1612624058
Kyra,49.5776,111.9753,-5.89,83,46,3.8,RU,1612624059
Mujiayingzi,42.1167,118.7833,13.1,94,100,2.35,CN,1612624060
Xushan,30.1764,121.2457,53.01,87,18,2.24,CN,1612624061
Salò,45.6086,10.531,52.0,82,75,4.61,IT,1612624063
Pahrump,36.2083,-115.9839,45.0,39,0,1.14,US,1612624064
Banda Aceh,5.5577,95.3222,79.36,83,35,9.19,ID,1612624065
King City,36.2127,-121.126,41.0,90,0,1.99,US,1612624066
Port Macquarie,-31.4333,152.9167,71.01,99,81,7.54,AU,1612623867
Boa Vista,2.8197,-60.6733,86.0,54,90,13.8,BR,1612624068
Bahía Honda,22.9036,-83.1592,79.63,75,4,11.16,CU,1612624070
Payao,10.1833,122.95,77.43,78,62,7.16,PH,1612624071
Indramayu,-6.3264,108.32,79.5,83,85,10.09,ID,1612624072
Puerto Ayacucho,5.6639,-67.6236,90.16,50,96,5.1,VE,1612624073
North Bend,43.4065,-124.2243,43.0,93,90,5.75,US,1612623907
Bulawayo,-20.15,28.5833,76.3,71,63,6.51,ZW,1612624075
Lucea,18.451,-78.1736,84.0,69,20,3.44,JM,1612624077
Vrangel',42.7297,133.0839,23.77,87,100,9.22,RU,1612623863
Farafangana,-22.8167,47.8333,82.63,78,100,13.69,MG,1612624079
Dumai,1.6833,101.45,76.5,78,52,1.86,ID,1612624080
Bubaque,11.2833,-15.8333,79.52,52,32,12.93,GW,1612624081
Passos,-20.7189,-46.6097,80.02,68,53,8.3,BR,1612624083
Guiyang,26.5833,106.7167,57.2,77,20,2.24,CN,1612624084
Valley City,46.9233,-98.0032,-16.6,69,75,23.02,US,1612624086
Rundu,-17.9333,19.7667,75.38,76,100,6.42,NA,1612624089
Half Moon Bay,37.4636,-122.4286,48.0,100,90,4.61,US,1612624090
Mount Gambier,-37.8333,140.7667,57.2,94,75,10.36,AU,1612624091
Yulara,-25.2406,130.9889,80.6,29,0,9.22,AU,1612623866
Namatanai,-3.6667,152.4333,79.79,78,90,1.25,PG,1612624042
High Rock,26.6208,-78.2833,77.0,83,75,10.36,BS,1612624095
Burnie,-41.0667,145.9167,61.0,85,77,5.01,AU,1612624096
Itupiranga,-5.1347,-49.3267,91.4,43,75,8.05,BR,1612624097
Bathsheba,13.2167,-59.5167,84.2,54,40,20.71,BB,1612624061
Tonneins,44.3921,0.3124,53.6,87,90,6.91,FR,1612624100
Muriwai Beach,-36.8167,174.45,66.0,90,100,3.69,NZ,1612624101
Vanavara,60.34,102.2797,-1.32,93,100,4.41,RU,1612624104
São Filipe,14.8961,-24.4956,71.04,72,3,15.82,CV,1612624112
Kroonstad,-27.6504,27.2349,77.0,66,94,6.53,ZA,1612624113
Vila do Maio,15.1333,-23.2167,75.2,53,75,27.63,CV,1612624115
Kampong Cham,11.9934,105.4635,84.29,44,65,3.58,KH,1612624117
Henties Bay,-22.116,14.2845,66.99,83,17,3.0,NA,1612624119
Codrington,-38.2667,141.9667,59.81,80,99,14.54,AU,1612624120
Härnösand,62.6323,17.9379,24.01,79,75,12.66,SE,1612624121
Havre-St-Pierre,50.2334,-63.5986,30.2,100,90,11.5,CA,1612624122
Wau,7.7029,27.9953,91.42,11,100,8.66,SS,1612624124
Merauke,-8.4667,140.3333,80.51,83,100,14.7,ID,1612624125
Ciudad Guayana,8.3533,-62.6528,87.67,44,100,7.36,VE,1612624126
Ushtobe,45.2514,77.9838,34.45,80,80,4.85,KZ,1612624127
Saint-Pierre,-21.3393,55.4781,84.2,65,90,8.05,RE,1612624099
Kaitangata,-46.2817,169.8464,50.52,94,2,3.65,NZ,1612624131
Kambove,-10.8764,26.5969,74.25,91,71,3.6,CD,1612624132
Puri,19.8,85.85,73.4,53,20,10.18,IN,1612624134
Bambanglipuro,-7.95,110.2833,78.22,85,100,2.13,ID,1612624060
Lillooet,50.6856,-121.942,42.8,65,90,13.8,CA,1612624138
Makushino,55.2103,67.2442,32.79,97,100,17.45,RU,1612624139
Concepción del Oro,24.6333,-101.4167,55.71,37,0,5.32,MX,1612624140
Okhotsk,59.3833,143.3,3.56,90,100,8.01,RU,1612624141
Hamilton,39.1834,-84.5333,26.01,54,20,3.44,US,1612623929
Tual,-5.6667,132.75,84.02,77,100,24.14,ID,1612624144
Bac Lieu,9.285,105.7244,76.35,78,100,12.19,VN,1612624145
Aksarka,66.5606,67.7975,-32.78,82,66,18.32,RU,1612624146
Plettenberg Bay,-34.0527,23.3716,73.9,67,12,6.08,ZA,1612623872
Isangel,-19.55,169.2667,78.06,78,0,3.27,VU,1612624148
Alyangula,-13.8483,136.4192,77.0,100,90,17.27,AU,1612624150
Umluj,25.0213,37.2685,73.67,46,0,15.52,SA,1612624151
São João da Barra,-21.6403,-41.0511,80.6,74,75,11.5,BR,1612624152
Görele,41.0308,39.0031,51.8,87,0,5.75,TR,1612624153
Akdepe,42.0551,59.3788,50.0,66,0,11.5,TM,1612624154
Provideniya,64.3833,-173.3,2.5,92,53,3.94,RU,1612624155
Holme,56.1138,10.1725,25.0,74,0,12.66,DK,1612624157
Iquique,-20.2208,-70.1431,77.0,53,0,13.8,CL,1612624131
Calvinia,-31.4707,19.776,87.62,20,0,20.47,ZA,1612624159
Raudeberg,61.9875,5.1352,28.99,46,0,6.91,NO,1612624160
Tezu,27.9167,96.1667,63.61,29,0,4.38,IN,1612624162
Volchikha,52.0333,80.3833,24.78,96,42,10.78,RU,1612624164
Shimoda,34.6667,138.95,46.99,59,0,5.01,JP,1612624167
Alofi,-19.0595,-169.9187,77.0,88,100,10.36,NU,1612623930
Zabaykal'sk,49.6333,117.3167,-10.66,85,0,7.83,RU,1612624170
Takoradze,4.8845,-1.7554,83.91,75,42,9.24,GH,1612624172
Nouakchott,18.0858,-15.9785,73.4,28,100,20.71,MR,1612624174
Chipata,-13.6333,32.65,76.51,82,41,3.11,ZM,1612624175
Solenzo,12.1833,-4.0833,102.51,8,6,4.76,BF,1612624176
Luanda,-8.8368,13.2343,86.0,66,20,10.36,AO,1612623921
Gaziantep,37.0594,37.3825,55.4,58,0,5.75,TR,1612624180
Demba,-5.51,22.2667,80.44,66,66,4.18,CD,1612624182
Katghora,22.5,82.55,63.97,48,22,6.17,IN,1612623969
Fuyang,32.9,115.8167,50.68,62,0,7.67,CN,1612624184
Zhangye,38.9342,100.4517,28.8,72,0,1.86,CN,1612624186
Lata,40.1629,-8.3327,57.99,82,85,8.01,PT,1612624187
San Andrés,12.5847,-81.7006,84.2,79,40,12.66,CO,1612624127
Carauari,-4.8828,-66.8958,80.15,79,99,0.43,BR,1612624189
Vostok,46.4856,135.8833,-8.48,91,100,2.44,RU,1612624191
Dingle,10.9995,122.6711,75.74,89,78,10.29,PH,1612624074
May Pen,17.9645,-77.2451,82.99,69,20,24.16,JM,1612624193
Krasnosel'kup,65.7,82.4667,-0.26,93,100,13.76,RU,1612624065
Katsuura,35.1333,140.3,50.0,57,0,10.36,JP,1612623939
Nelson Bay,-32.7167,152.15,70.0,100,90,6.93,AU,1612624196
Dengzhou,37.8086,120.7508,37.69,78,34,14.83,CN,1612624198
Belomorsk,64.5232,34.7668,14.16,96,100,7.27,RU,1612624199
Olafsvik,64.8945,-23.7142,35.65,79,100,16.35,IS,1612624200
Petropavlovsk-Kamchatskiy,53.0452,158.6483,21.2,68,75,20.13,RU,1612624208
Fethiye,36.6217,29.1164,62.6,82,0,5.75,TR,1612624209
Conceição da Barra,-18.5933,-39.7322,86.58,59,86,10.27,BR,1612624210
Bongandanga,1.5,21.05,94.48,30,53,2.73,CD,1612624212
Cabo San Lucas,22.8909,-109.9124,60.8,39,1,6.91,MX,1612623929
Vitim,59.4511,112.5578,5.02,92,100,6.08,RU,1612624216
Karratha,-20.7377,116.8463,79.12,76,5,10.31,AU,1612624218
Turukhansk,65.8167,87.9833,-6.52,91,100,17.98,RU,1612624219
Los Llanos de Aridane,28.6585,-17.9182,68.0,56,20,19.57,ES,1612623944
Baghmara,23.795,86.2085,61.99,74,91,6.2,IN,1612624222
Mpika,-11.8343,31.4529,71.51,89,63,6.49,ZM,1612624223
Aklavik,68.2191,-135.0107,-29.2,75,20,1.54,CA,1612624224
Nanma,36.1817,118.1583,51.01,35,23,2.24,CN,1612624226
Ceres,37.5949,-120.9577,39.99,93,1,3.85,US,1612624227
Paamiut,61.994,-49.6678,22.46,80,0,7.34,GL,1612624228
Grand Falls,47.0461,-67.7418,26.6,68,90,5.75,CA,1612624229
Lengshuitan,26.4111,111.5956,61.39,61,5,4.18,CN,1612624230
Coquimbo,-29.9533,-71.3436,62.6,77,90,5.75,CL,1612624232
Flinders,-34.5833,150.8552,68.0,87,0,1.01,AU,1612624233
Baykit,61.67,96.37,3.94,90,100,3.94,RU,1612623977
Sarkand,45.41,79.9186,32.97,75,21,7.65,KZ,1612624235
Nome,64.5011,-165.4064,14.0,85,90,4.61,US,1612624236
Hambantota,6.1241,81.1185,73.4,100,90,6.91,LK,1612624238
Necochea,-38.5473,-58.7368,75.0,60,3,15.08,AR,1612624239
Yamada,39.4667,141.95,37.6,84,69,5.14,JP,1612624241
Gizo Government Station,-8.103,156.8419,82.22,79,59,17.45,SB,1612624244
San Vicente,-26.6167,-54.1333,76.96,40,0,5.37,AR,1612624245
Ruangwa,-10.0667,38.9333,78.06,91,100,4.74,TZ,1612624246
Keti Bandar,24.1447,67.4497,68.4,53,0,9.26,PK,1612624248
Aitape,-3.1374,142.3475,79.07,80,100,4.7,PG,1612624249
San Juan de los Morros,9.9115,-67.3538,86.0,58,20,4.29,VE,1612624250
Beloha,-25.1667,45.05,83.7,65,13,11.52,MG,1612624024
Erzin,36.9559,36.2,62.01,80,0,1.99,TR,1612624253
Paita,-5.0892,-81.1144,80.6,61,0,8.05,PE,1612624255
Bogale,16.2833,95.4,74.53,71,1,6.02,MM,1612624088
Warri,5.5167,5.75,99.81,28,0,4.23,NG,1612624257
Avilés,43.5547,-5.9248,52.0,66,75,4.61,ES,1612624258
Sainte-Maxime,43.3,6.6333,59.0,72,100,17.27,FR,1612624259
Eyrarbakki,63.863,-21.1481,39.2,48,20,20.71,IS,1612624261
Touros,-5.1989,-35.4608,87.8,51,40,14.97,BR,1612624262
Sharan,54.8167,54.0,2.75,92,100,18.34,RU,1612624263
Marabu,4.4148,114.0089,78.8,94,40,4.61,MY,1612624264
Ariquemes,-9.9133,-63.0408,77.79,91,100,1.95,BR,1612624265
Izumo,35.3667,132.7667,42.8,93,20,4.61,JP,1612624267
Worland,44.0169,-107.9554,9.0,85,90,5.75,US,1612624268
Rawson,-43.3002,-65.1023,65.12,54,10,17.6,AR,1612624269
Mabaruma,8.2,-59.7833,78.53,91,100,5.14,GY,1612624270
Fort Nelson,58.8053,-122.7002,-34.6,74,40,0.69,CA,1612624272
Massakory,12.996,15.7293,90.18,11,51,13.49,TD,1612624273
Malbork,54.0359,19.0266,21.99,63,5,5.5,PL,1612624075
Balyqshy,47.0667,51.8667,24.8,63,75,13.42,KZ,1612624275
Maceió,-9.6658,-35.7353,89.6,58,40,6.91,BR,1612624276
Kudahuvadhoo,2.6708,72.8944,81.88,76,74,12.3,MV,1612624278
Khani,41.9563,42.9566,50.0,57,75,8.05,GE,1612624053
Lamar,33.6668,-95.5836,45.0,75,90,13.8,US,1612624280
Banff,51.1762,-115.5698,-2.0,84,100,2.3,CA,1612624275
Tiptūr,13.2586,76.4783,72.32,32,0,10.94,IN,1612624283
Clyde River,70.4692,-68.5914,-14.8,76,40,3.44,CA,1612624285
Uglovskoye,51.3557,80.1942,26.06,93,0,16.4,RU,1612624286
Mincivan,39.0294,46.7185,51.66,51,1,2.15,AZ,1612624268
Yangi Marg`ilon,40.4272,71.7189,48.2,40,100,4.61,UZ,1612624288
Zelenoborskiy,66.845,32.3622,18.0,95,100,10.87,RU,1612624289
Río Gallegos,-51.6226,-69.2181,53.6,47,75,14.97,AR,1612624291
Saint-Philippe,-21.3585,55.7679,84.2,70,75,6.91,RE,1612624292
Chokurdakh,70.6333,147.9167,-14.94,87,100,4.34,RU,1612624293
Mweka,-4.85,21.5667,83.41,59,55,2.93,CD,1612624294
Waldoboro,44.0954,-69.3756,34.0,75,90,11.5,US,1612624295
Moerai,-22.4333,-151.3333,80.58,73,0,12.08,PF,1612624297
Bambous Virieux,-20.3428,57.7575,81.0,74,20,8.05,MU,1612624298
Coahuayana Viejo,18.7333,-103.6833,68.0,73,1,2.01,MX,1612624299
Edd,13.9297,41.6925,76.21,69,45,18.95,ER,1612624300
Moranbah,-22.0016,148.0466,78.06,77,100,9.84,AU,1612624301
Ostrovnoy,68.0531,39.5131,16.38,95,100,11.25,RU,1612624303
Morant Bay,17.8815,-76.4093,82.99,69,20,24.16,JM,1612624306
Cockburn Town,21.4612,-71.1419,80.6,69,40,19.57,TC,1612624307
Leningradskiy,69.3833,178.4167,-14.26,83,92,6.71,RU,1612624308
San Martín,-33.081,-68.4681,82.4,39,0,6.91,AR,1612624309
Nizhnevartovsk,60.9344,76.5531,28.4,100,90,11.18,RU,1612624311
Susanville,40.4163,-120.653,23.0,86,1,3.44,US,1612624066
Kavieng,-2.5744,150.7967,81.82,72,96,5.41,PG,1612624313
Owando,-0.4819,15.8999,91.92,42,28,0.67,CG,1612624314
Bodden Town,19.2833,-81.25,84.2,74,20,12.66,KY,1612624315
Lokosovo,61.1333,74.8167,34.99,98,100,9.73,RU,1612624318
Joshīmath,30.5667,79.5667,36.37,52,0,12.33,IN,1612624319
Banjarmasin,-3.3244,114.591,78.8,94,40,3.44,ID,1612624320
Kimbe,-5.5502,150.1429,77.77,86,100,0.89,PG,1612624321
Airai,-8.9266,125.4092,61.18,97,100,1.86,TL,1612624323
Anshun,26.25,105.9333,51.96,89,4,4.23,CN,1612624324
Kuching,1.55,110.3333,77.0,94,20,2.3,MY,1612624325
Onega,63.9061,38.1404,8.96,95,100,8.21,RU,1612624327
Bougouni,11.417,-7.479,107.51,9,78,1.25,ML,1612624328
Minot,48.2325,-101.2963,-16.6,63,1,14.97,US,1612624330
Ambon City,-3.6954,128.1814,78.8,89,40,5.75,ID,1612624117
Lucapa,-8.4192,20.7447,74.98,88,100,6.35,AO,1612624332
Mahibadhoo,3.7833,72.9667,81.43,77,65,11.86,MV,1612624333
Laguna,38.421,-121.4238,39.99,93,1,2.13,US,1612624335
Mercedes,-34.6515,-59.4307,86.0,45,0,3.0,AR,1612624336
Kahului,20.8947,-156.47,62.6,72,75,3.44,US,1612624178
Balabac,7.9868,117.0645,80.47,81,100,14.63,PH,1612624338
Piteå,65.3172,21.4794,14.0,92,0,10.36,SE,1612624340
Kasongo,-4.45,26.6667,79.14,92,99,2.46,CD,1612624342
Broome,42.2506,-75.833,28.0,46,40,17.27,US,1612624326
Chui,-33.6971,-53.4616,77.11,54,0,10.02,UY,1612624346
Lavrentiya,65.5833,-171.0,-0.09,89,98,6.53,RU,1612624298
Kununurra,-15.7667,128.7333,82.4,89,75,5.75,AU,1612624309
Samarai,-10.6167,150.6667,82.67,76,100,6.49,PG,1612624349
Quatre Cocos,-20.2078,57.7625,81.0,74,20,8.05,MU,1612624351
Maniitsoq,65.4167,-52.9,22.51,74,0,6.91,GL,1612624352
Semey,50.4111,80.2275,25.14,92,0,17.65,KZ,1612624353
Taitung City,22.7583,121.1444,67.19,66,0,5.7,TW,1612624354
Tres Arroyos,-38.3739,-60.2798,81.27,41,0,10.4,AR,1612624355
Kaeo,-35.1,173.7833,62.01,90,92,1.99,NZ,1612624357
Mlonggo,-6.5333,110.7,79.38,85,96,12.44,ID,1612624359
Tuatapere,-46.1333,167.6833,51.53,86,1,3.0,NZ,1612624360
Uusikaupunki,60.8004,21.4084,21.2,86,40,3.44,FI,1612624361
Esim,4.8699,-2.2405,84.42,72,24,10.4,GH,1612624363
Lagoa,39.05,-27.9833,59.5,89,100,19.13,PT,1612624324
Priekule,56.4468,21.5897,15.8,73,23,1.14,LV,1612624365
Lakes Entrance,-37.8811,147.981,62.01,90,35,8.14,AU,1612624367
Nicolet,46.2168,-72.6158,23.0,63,69,13.8,CA,1612624370
Biak,-0.9131,122.8766,77.09,80,100,2.98,ID,1612624371
Waingapu,-9.6567,120.2641,78.58,80,100,7.58,ID,1612624373
Pangkalanbuun,-2.6833,111.6167,75.87,96,100,2.93,ID,1612624374
Nouadhibou,20.931,-17.0347,71.6,46,0,20.71,MR,1612624375
Leh,34.1667,77.5833,7.99,56,6,2.51,IN,1612624376
Meulaboh,4.1363,96.1285,80.47,78,56,3.29,ID,1612624377
Alexandria,31.2156,29.9553,66.2,63,20,9.22,EG,1612624215
Vlădeni,47.7167,26.5167,28.0,93,90,5.75,RO,1612624380
Lábrea,-7.2586,-64.7981,86.65,66,95,2.75,BR,1612624381
Vila Velha,-20.3297,-40.2925,87.8,55,20,9.22,BR,1612624372
Highland,34.1283,-117.2086,41.0,33,0,3.0,US,1612624383
Molodizhne,48.1773,32.6601,26.01,63,0,4.47,UA,1612624384
Beira,-19.8436,34.8389,86.0,74,75,10.36,MZ,1612624386
Caconda,-13.7333,15.0667,81.52,40,85,4.92,AO,1612624387
Annau,37.8876,58.516,51.8,76,90,4.61,TM,1612624388
Tulagi,-9.0996,160.1476,82.9,76,100,15.55,SB,1612624389
Sisimiut,66.9395,-53.6735,18.93,74,0,12.88,GL,1612624390
Maués,-3.3836,-57.7186,88.77,56,94,5.37,BR,1612624392
Luba,3.4568,8.5547,89.6,66,20,9.22,GQ,1612624394
Vestmannaeyjar,63.4427,-20.2734,37.4,87,40,27.63,IS,1612624395
Zheleznodorozhnyy,55.7503,38.0042,5.0,72,90,13.42,RU,1612624396
Vredendal,-31.6683,18.5012,81.27,46,0,25.93,ZA,1612624397
Carbonia,39.1672,8.5222,68.0,59,0,10.36,IT,1612624398
Port Lincoln,-34.7333,135.8667,61.25,81,91,12.39,AU,1612624333
Dongzhen,22.3797,110.9389,65.61,73,0,2.44,CN,1612624401
Yining,29.0361,114.5636,52.32,83,5,1.32,CN,1612624402
Ruteng,-8.6136,120.4721,63.63,98,95,1.07,ID,1612624164
Jumla,29.2747,82.1838,28.33,84,11,5.26,NP,1612624404
Pisco,-13.7,-76.2167,72.0,83,75,8.05,PE,1612624406
Oulu,65.0124,25.4682,10.4,92,20,6.91,FI,1612624407
Ust-Tsilma,65.441,52.1498,-13.5,88,97,8.68,RU,1612624408
San Quintín,30.4833,-115.95,53.98,83,0,2.21,MX,1612624409
Kuytun,54.3419,101.5036,6.67,93,100,5.91,RU,1612624410
Batemans Bay,-35.7167,150.1833,66.0,88,0,1.01,AU,1612624412
Walvis Bay,-22.9575,14.5053,71.6,64,30,8.05,NA,1612624413
Juàzeirinho,-6.8167,-38.05,95.67,26,45,11.39,BR,1612624414
Oistins,13.0667,-59.5333,84.2,54,40,20.71,BB,1612624407
Pilar,-9.5972,-35.9567,89.6,58,40,6.91,BR,1612624416
Saint-Augustin,51.226,-58.6502,32.23,98,100,8.3,CA,1612624418
Okha,53.5739,142.9478,1.72,92,100,18.34,RU,1612624419
Talnakh,69.4865,88.3972,-29.4,77,0,3.58,RU,1612624420
Vao,-22.6667,167.4833,77.49,86,1,8.37,NC,1612624421
Alta Floresta,-9.8756,-56.0861,80.6,83,75,5.75,BR,1612624422
Saint-Leu,-21.15,55.2833,82.0,62,40,2.71,RE,1612624423
Guerrero Negro,27.9769,-114.0611,56.44,88,0,6.85,MX,1612624425
Beringovskiy,63.05,179.3167,-10.79,88,1,4.72,RU,1612624426
Sangar,63.9242,127.4739,-42.59,78,55,3.49,RU,1612624427
Kushmurun,52.4503,64.6311,33.87,97,100,18.07,KZ,1612624429
Niamey,13.5137,2.1098,93.2,8,100,9.22,NE,1612624432
Matara,5.9485,80.5353,77.34,84,100,3.15,LK,1612624264
Umm Hājar,13.2954,19.6966,90.81,9,1,7.92,TD,1612624435
Cayenne,4.9333,-52.3333,78.8,100,75,3.44,GF,1612624436
Poltavka,54.3663,71.7632,32.83,96,97,19.75,RU,1612624437
Horasan,40.0458,42.1728,16.43,89,0,0.76,TR,1612624438
Saldanha,-33.0117,17.9442,77.0,61,19,24.16,ZA,1612624439
Salinópolis,-0.6136,-47.3561,85.06,69,39,11.83,BR,1612624405
Prestea,5.4327,-2.1428,88.5,63,55,6.08,GH,1612624442
Khorixas,-20.3667,14.9667,95.58,20,100,15.7,NA,1612624443
Grand Forks,47.9417,-97.4337,-16.01,63,1,16.11,US,1612624444
Sistranda,63.7256,8.834,23.0,80,75,16.11,NO,1612624445
Haysville,37.5645,-97.3523,30.99,64,90,10.36,US,1612624233
Talcahuano,-36.7167,-73.1167,60.8,82,90,5.75,CL,1612624385
Beyneu,45.3167,55.2,31.19,85,0,17.67,KZ,1612624449
Nuuk,64.1835,-51.7216,24.8,42,1,26.46,GL,1612624450
Zheshart,62.0731,49.5733,-6.07,88,100,11.03,RU,1612624451
Sovetskiy,61.3614,63.5842,-2.63,93,100,10.87,RU,1612624452
Narsaq,60.9167,-46.05,32.0,29,1,16.11,GL,1612624324
Inhambane,-23.865,35.3833,89.01,66,40,6.91,MZ,1612624455
Richards Bay,-28.783,32.0377,81.25,69,25,12.06,ZA,1612624456
Misratah,32.3754,15.0925,75.49,26,57,13.06,LY,1612624457
Salalah,17.0151,54.0924,75.2,64,40,9.22,OM,1612624325
Svetlaya,46.5389,138.3297,5.76,87,44,9.01,RU,1612624460
Rivadavia,-33.1905,-68.4608,82.4,39,0,6.91,AR,1612624461
Tofield,53.3668,-112.6686,-22.0,76,100,1.14,CA,1612624461
Isla Mujeres,21.2311,-86.731,82.4,78,40,20.71,MX,1612624463
Coyhaique,-45.5752,-72.0662,64.4,52,0,9.22,CL,1612624413
Vadsø,70.0744,29.7487,24.8,74,40,18.41,NO,1612624466
Moroto,2.5345,34.6666,84.09,27,44,10.56,UG,1612624467
Bonthe,7.5264,-12.505,86.61,53,36,11.65,SL,1612624468
Zhezkazgan,47.8043,67.7144,35.2,100,100,22.3,KZ,1612624469
Evensk,61.95,159.2333,5.45,88,100,15.79,RU,1612624471
Haines Junction,60.7522,-137.5108,-25.6,68,85,1.14,CA,1612624425
Jiuquan,39.7432,98.5174,30.4,68,40,1.74,CN,1612624473
Malartic,48.1335,-78.1328,14.0,85,90,12.66,CA,1612624475
Atar,20.5169,-13.0499,76.01,20,13,18.81,MR,1612624477
Khasan,42.4308,130.6434,22.91,96,100,4.38,RU,1612624479
Sampit,-2.5333,112.95,75.49,96,100,2.55,ID,1612624480
Severo-Kuril'sk,50.6789,156.125,19.06,94,100,16.84,RU,1612624481
Slonim,53.0867,25.3219,5.52,93,18,6.08,BY,1612624482
Muscat,23.6139,58.5922,73.4,53,0,13.8,OM,1612624466
Constitución,-35.3333,-72.4167,63.0,76,84,3.31,CL,1612624344
Tarakan,3.3,117.6333,80.35,78,55,4.16,ID,1612624454
Manggar,-2.8833,108.2667,79.86,83,69,10.78,ID,1612624488
Solnechnyy,50.7214,136.6319,-6.45,89,100,2.57,RU,1612624322
Östersund,63.1792,14.6357,16.0,92,90,11.5,SE,1612624490
Eyl,7.9803,49.8164,76.82,74,0,15.77,SO,1612624492
Noumea,-22.2763,166.4572,78.01,94,90,3.44,NC,1612624433
Markova,48.6758,24.4138,28.4,80,90,4.47,UA,1612624494
Abirāmam,9.4667,78.45,77.0,61,0,6.91,IN,1612624495
Tigil',57.8,158.6667,10.89,92,100,9.26,RU,1612624496
Sakaiminato,35.55,133.2333,42.8,93,20,4.61,JP,1612624499
Fairbanks,64.8378,-147.7164,-9.4,77,90,1.28,US,1612624382
Assiut,27.181,31.1837,69.8,52,0,11.5,EG,1612624501
Sarankhola,22.3082,89.7897,64.87,57,0,3.94,BD,1612624505
Alice Springs,-23.7,133.8833,77.0,31,59,6.91,AU,1612624337
Neryungri,56.6709,124.6491,-17.72,85,100,3.58,RU,1612624378
Port Blair,11.6667,92.75,79.29,76,0,7.56,IN,1612624467
Pagudpud,18.5616,120.7868,75.2,88,20,1.14,PH,1612624509
Ribe,55.3305,8.7697,28.4,59,80,13.8,DK,1612624511
Iqaluit,63.7506,-68.5145,21.2,86,75,14.97,CA,1612624388
Broken Hill,-31.95,141.4333,68.0,56,83,11.5,AU,1612624513
Le Port,-20.9373,55.2919,80.6,78,75,13.8,RE,1612624514
Emerald,-23.5333,148.1667,86.0,62,40,10.36,AU,1612624368
Tura,25.5198,90.2201,58.5,66,28,3.56,IN,1612624414
Buraidah,26.326,43.975,55.4,100,75,12.66,SA,1612624504
Zhigansk,66.7697,123.3711,-41.17,80,41,9.75,RU,1612624498
Puerto Carreño,6.189,-67.4859,90.81,44,98,12.93,CO,1612624363
Ilo,-17.6394,-71.3375,75.2,78,0,8.05,PE,1612624524
Kupang,-10.1667,123.5833,79.59,83,97,7.36,ID,1612624526
Panguna,-6.3164,155.4848,70.5,99,99,2.98,PG,1612624527
Parfen'yevo,58.484,43.4088,-5.91,90,100,10.76,RU,1612624528
Rūdbār,30.15,62.6,66.29,19,0,10.36,AF,1612624530
Sinnamary,5.3833,-52.95,80.42,82,96,14.54,GF,1612624422
Linköping,58.4109,15.6216,19.99,73,2,3.44,SE,1612624532
Madison,34.7334,-86.5667,45.0,75,20,5.14,US,1612624534
Bahir Dar,11.5936,37.3908,75.24,20,47,15.73,ET,1612624520
Zunyi,27.6867,106.9072,50.94,84,97,4.52,CN,1612624538
Lompoc,34.6391,-120.4579,48.0,93,1,3.44,US,1612624542
Lykhivka,48.6874,33.9228,26.19,83,66,6.98,UA,1612624543
Te Anau,-45.4167,167.7167,52.84,86,18,0.45,NZ,1612624267
Korla,41.7597,86.1469,29.5,83,41,2.51,CN,1612624546
Pata,17.7152,121.5018,70.92,92,4,2.75,PH,1612624547
Porto-Novo,6.4965,2.6036,89.6,74,40,11.5,BJ,1612624427
Kayerkan,69.3497,87.7602,-28.52,79,0,5.23,RU,1612624550
Riyadh,24.6877,46.7219,68.0,45,75,5.75,SA,1612624512
Mattru,7.6244,-11.8332,102.67,24,52,1.48,SL,1612624553
Kovdor,67.5662,30.4758,14.65,97,100,5.46,RU,1612624391
Kampong Chhnang,12.1667,104.55,80.37,52,60,2.62,KH,1612624555
Kilakarai,9.2333,78.7833,78.49,67,0,19.64,IN,1612624556
Shellbrook,53.2168,-106.4011,-31.0,75,1,4.61,CA,1612624557
Lālmohan,22.3384,90.7419,70.66,52,0,6.29,BD,1612624559
Esqueda,30.7167,-109.5833,46.35,52,0,3.6,MX,1612624560
Gawler,-34.6,138.7333,63.0,83,100,1.99,AU,1612624562
Łazy Bledowskie,50.35,19.4167,30.0,67,99,4.0,PL,1612624563
Aksu,41.1231,80.2644,28.62,83,0,1.01,CN,1612624509
Kavaratti,10.5669,72.642,80.92,71,0,12.46,IN,1612624566
Yaring,6.8662,101.3689,76.41,83,47,10.58,TH,1612624567
Cham,47.1821,8.4636,45.0,87,84,1.14,CH,1612624568
Safi,32.2994,-9.2372,58.91,69,95,15.3,MA,1612624570
Burgersdorp,-30.9977,26.3286,84.2,28,75,10.22,ZA,1612624571
Takanabe,32.1333,131.5,48.47,80,5,5.55,JP,1612624572
